ID,User_ID,Bot_Strategy,Accuracy
0,0,59,0.7279
1,0,59,0.7639
2,0,59,0.9660
3,0,59,0.8799
4,0,59,0.8338
5,0,59,0.9446
6,0,59,0.9199
7,0,59,0.8327
8,0,59,0.8379
9,0,59,0.1149
272,21,59,0.7420
273,21,59,0.8307
274,21,59,0.9749
275,21,59,0.8654
276,21,59,0.6380
277,21,59,0.8968
278,21,59,0.6483
279,21,59,0.9140
280,21,59,0.2671
281,21,59,0.7371
791,30,59,0.5913
792,30,59,0.9648
793,30,59,0.9264
794,30,59,0.6096
795,30,59,0.0300
796,30,59,0.5504
797,30,59,0.8638
798,30,59,0.9814
799,30,59,0.9240
800,30,59,0.9719
900,32,59,0.9834
901,32,59,0.3018
902,32,59,0.6257
903,32,59,0.8214
904,32,59,0.9626
905,32,59,0.9752
906,32,59,0.8755
907,32,59,0.9820
908,32,59,0.7238
909,32,59,0.3244
10,0,59,0.8181
11,0,59,0.6856
12,0,59,0.9711
13,0,59,0.9828
14,0,59,0.8500
15,0,59,0.6531
16,0,59,0.3072
17,0,59,0.8207
18,0,59,0.6459
19,0,59,0.9664
282,21,59,0.5307
283,21,59,0.9364
284,21,59,0.8938
285,21,59,0.7178
286,21,59,0.7218
287,21,59,0.3332
288,21,59,0.8324
289,21,59,0.8725
290,21,59,0.8644
291,21,59,0.9239
801,30,19,0.2930
802,30,19,0.3046
803,30,19,0.3457
804,30,19,0.5754
805,30,19,0.9440
806,30,19,0.9790
807,30,19,0.9825
808,30,19,0.9856
809,30,19,0.9869
810,30,19,0.9882
910,32,59,0.8186
911,32,59,0.2238
912,32,59,0.3344
913,32,59,0.9501
914,32,59,0.7494
915,32,59,0.3606
916,32,59,0.6764
917,32,59,0.9089
918,32,59,0.8147
919,32,59,0.8947
20,0,59,0.9280
21,0,59,0.8872
22,0,59,0.9711
23,0,59,0.8713
24,0,59,0.3356
25,0,59,0.4255
26,0,59,0.7482
27,0,59,0.8739
28,0,59,0.7271
29,0,59,0.8640
292,21,19,0.7331
293,21,19,0.6023
294,21,19,0.7341
295,21,19,0.7533
296,21,19,0.8202
297,21,19,0.3241
298,21,19,0.3209
299,21,19,0.9234
300,21,19,0.4696
301,21,19,0.6410
811,30,19,0.7220
812,30,19,0.6109
813,30,19,0.8136
814,30,19,0.9331
815,30,19,0.9816
816,30,19,0.9867
817,30,19,0.9910
818,30,19,0.9914
819,30,19,0.9911
820,30,19,0.9908
920,32,59,0.6939
921,32,59,0.2124
922,32,59,0.6635
923,32,59,0.6999
924,32,59,0.9004
925,32,59,0.2907
926,32,59,0.1483
927,32,59,0.7050
928,32,59,0.6839
929,32,59,0.8894
30,0,59,0.8761
31,0,59,0.9005
32,0,59,0.6602
33,0,59,0.8676
34,0,59,0.7315
35,0,59,0.6706
36,0,59,0.4189
37,0,59,0.4333
38,0,59,0.9565
39,0,59,0.9140
302,21,19,0.8263
303,21,19,0.8668
304,21,19,0.9534
305,21,19,0.9825
306,21,19,0.0967
307,21,19,0.9495
308,21,19,0.5000
309,21,19,0.5673
310,21,19,0.2033
311,21,19,0.5132
821,30,19,0.9440
822,30,19,0.0469
823,30,19,0.8434
824,30,19,0.9096
825,30,19,0.0358
826,30,19,0.0648
827,30,19,0.7813
828,30,19,0.6893
829,30,19,0.2052
830,30,19,0.3252
930,32,19,0.0895
931,32,19,0.7235
932,32,19,0.9107
933,32,19,0.7874
934,32,19,0.8529
935,32,19,0.7948
936,32,19,0.9292
937,32,19,0.2279
938,32,19,0.1700
939,32,19,0.8670
40,0,59,0.7373
41,0,59,0.3217
42,0,59,0.9397
43,0,59,0.9870
44,0,59,0.4960
45,0,59,0.5582
46,0,59,0.9659
47,0,59,0.9503
48,0,59,0.1897
49,0,59,0.6544
312,21,19,0.3167
313,21,19,0.8748
831,30,19,0.6537
832,30,19,0.2364
833,30,19,0.1424
834,30,19,0.3787
835,30,19,0.8296
836,30,19,0.9309
837,30,19,0.8460
838,30,19,0.8428
839,30,19,0.6925
840,30,19,0.8484
940,32,19,0.2859
941,32,19,0.6194
942,32,19,0.8090
943,32,19,0.7466
944,32,19,0.8797
945,32,19,0.8191
946,32,19,0.8897
947,32,19,0.3165
948,32,19,0.2806
949,32,19,0.7796
50,0,59,0.8981
51,0,59,0.9625
52,0,59,0.2547
53,0,59,0.8504
54,0,59,0.7288
55,0,59,0.9698
56,0,59,0.6003
57,0,59,0.9519
58,0,59,0.0385
59,0,59,0.8674
314,21,19,0.2493
315,21,19,0.3739
316,21,19,0.6465
317,21,19,0.9338
318,21,19,0.9739
319,21,19,0.9847
320,21,19,0.9877
321,21,19,0.9842
322,21,19,0.9856
323,21,19,0.9869
841,30,19,0.1830
842,30,19,0.3994
843,30,19,0.0923
844,30,19,0.3773
845,30,19,0.8039
846,30,19,0.2156
847,30,19,0.2125
848,30,19,0.6182
849,30,19,0.5806
850,30,19,0.6359
950,32,19,0.7044
951,32,19,0.4443
952,32,19,0.7290
953,32,19,0.7340
954,32,19,0.9351
955,32,19,0.7930
956,32,19,0.9146
957,32,19,0.7191
958,32,19,0.5906
959,32,19,0.7586
60,0,59,0.2181
61,0,59,0.9301
62,0,59,0.7770
63,0,59,0.9701
64,0,59,0.8955
65,0,59,0.6104
66,0,59,0.9628
67,0,59,0.9786
68,0,59,0.1144
69,0,59,0.4464
324,21,19,0.1187
325,21,19,0.3878
326,21,19,0.6658
327,21,19,0.9619
328,21,19,0.4277
329,21,19,0.7282
330,21,19,0.6305
331,21,19,0.6115
332,21,19,0.7380
333,21,19,0.4092
851,30,19,0.9057
852,30,19,0.1553
853,30,19,0.8852
854,30,19,0.2413
855,30,19,0.2204
856,30,19,0.3319
857,30,19,0.2657
858,30,19,0.7761
859,30,19,0.7433
860,30,19,0.2059
960,32,19,0.2348
961,32,19,0.1355
962,32,19,0.5919
963,32,19,0.2095
964,32,19,0.1433
965,32,19,0.7402
966,32,19,0.7725
967,32,19,0.9182
968,32,19,0.7844
969,32,19,0.8723
70,0,59,0.7648
71,0,59,0.8762
334,21,19,0.5886
335,21,19,0.8939
336,21,19,0.7972
337,21,19,0.6294
338,21,19,0.9705
339,21,19,0.9400
340,21,19,0.8739
341,21,19,0.8438
342,21,19,0.6435
343,21,19,0.9387
861,30,19,0.0941
862,30,19,0.2174
863,30,19,0.1057
864,30,19,0.7169
865,30,19,0.2325
866,30,19,0.9043
867,30,19,0.2043
868,30,19,0.7219
869,30,19,0.8072
870,30,19,0.9204
970,32,19,0.7017
971,32,19,0.4843
972,32,19,0.8149
973,32,19,0.7940
974,32,19,0.9213
975,32,19,0.1486
976,32,19,0.7150
977,32,19,0.2020
978,32,19,0.6651
979,32,19,0.6662
72,0,59,0.9705
73,0,59,0.9693
74,0,59,0.9805
75,0,59,0.7852
76,0,59,0.8283
77,0,59,0.7291
78,0,59,0.7907
79,0,59,0.2310
80,0,59,0.8187
81,0,59,0.2967
344,21,19,0.8714
345,21,19,0.7927
346,21,19,0.5223
347,21,19,0.6325
348,21,19,0.8791
349,21,19,0.4594
871,30,19,0.0340
872,30,19,0.7292
873,30,19,0.0892
874,30,19,0.1169
875,30,19,0.7440
876,30,19,0.7698
877,30,19,0.8955
878,30,19,0.9741
879,30,19,0.9813
880,30,19,0.9839
980,32,19,0.4397
981,32,19,0.5972
982,32,19,0.9227
983,32,19,0.1972
984,32,19,0.1946
985,32,19,0.7146
986,32,19,0.2995
987,32,19,0.3115
988,32,19,0.6811
989,32,19,0.3785
82,0,59,0.7659
83,0,59,0.9487
84,0,59,0.4705
85,0,59,0.5801
86,0,59,0.9586
87,0,59,0.0286
88,0,59,0.6411
89,0,59,0.2715
90,0,59,0.0727
350,21,19,0.8993
351,21,19,0.0817
352,21,19,0.2965
353,21,19,0.3155
354,21,19,0.6149
355,21,19,0.2358
356,21,19,0.4194
357,21,19,0.7072
358,21,19,0.7511
359,21,19,0.1819
881,30,19,0.7558
882,30,19,0.8880
883,30,19,0.9654
884,30,19,0.6853
885,30,19,0.9745
886,30,19,0.7700
887,30,19,0.9639
888,30,19,0.6046
889,30,19,0.9702
990,32,19,0.8484
991,32,19,0.6756
992,32,19,0.7910
993,32,19,0.5703
994,32,19,0.8343
995,32,19,0.2359
996,32,19,0.6775
997,32,19,0.2612
998,32,19,0.8336
999,32,19,0.8356
91,0,59,0.9192
92,0,59,0.4126
93,0,59,0.2574
360,21,19,0.3310
361,21,19,0.2068
362,21,19,0.6431
363,21,19,0.8009
364,21,19,0.9344
365,21,19,0.8073
366,21,19,0.8472
367,21,19,0.6801
368,21,19,0.9008
369,21,19,0.5604
890,30,19,0.0868
891,30,19,0.5018
892,30,19,0.8053
893,30,19,0.9613
894,30,19,0.9730
895,30,19,0.9770
896,30,19,0.9873
897,30,19,0.9892
898,30,19,0.9910
899,30,19,0.9919
1000,32,19,0.3460
1001,32,19,0.3664
1002,32,19,0.6151
1003,32,19,0.7509
1004,32,19,0.9061
1005,32,19,0.7861
1006,32,19,0.8737
1007,32,19,0.7704
1008,32,19,0.9040
1009,32,19,0.6655
94,0,59,0.6115
95,0,59,0.9449
96,0,59,0.9821
97,0,59,0.9842
98,0,59,0.9830
99,0,59,0.9863
100,0,59,0.9841
101,0,59,0.9720
102,0,59,0.9729
370,21,19,0.3958
371,21,19,0.7550
372,21,19,0.9429
373,21,19,0.1115
374,21,19,0.2375
375,21,19,0.7313
376,21,19,0.2992
377,21,19,0.9336
378,21,19,0.7318
379,21,19,0.2843
1010,32,19,0.6545
1011,32,19,0.1377
1012,32,19,0.8651
1013,32,19,0.9699
1014,32,19,0.0229
1015,32,19,0.9232
1016,32,19,0.4680
1017,32,19,0.9004
1018,32,19,0.3119
1019,32,19,0.8449
1203,38,59,0.7870
1204,38,59,0.0713
1205,38,59,0.9566
1206,38,59,0.5310
1207,38,59,0.8323
1208,38,59,0.6967
1209,38,59,0.2884
103,0,19,0.9184
104,0,19,0.9039
105,0,19,0.9579
106,0,19,0.2772
107,0,19,0.6276
380,21,19,0.7233
381,21,19,0.3676
382,21,19,0.2118
383,21,19,0.2557
384,21,19,0.9278
385,21,19,0.3265
386,21,19,0.5410
387,21,19,0.4241
388,21,19,0.2883
389,21,19,0.2690
1020,32,19,0.8005
1021,32,19,0.1783
1022,32,19,0.8001
1023,32,19,0.7467
1024,32,19,0.9074
1025,32,19,0.2263
1026,32,19,0.3402
1027,32,19,0.6163
1028,32,19,0.6761
1029,32,19,0.3077
1210,38,59,0.9004
1211,38,59,0.8859
1212,38,59,0.9396
1213,38,59,0.8676
1214,38,59,0.8996
1215,38,59,0.9707
1216,38,59,0.2605
1217,38,59,0.5287
1218,38,59,0.9454
1219,38,59,0.0852
108,0,19,0.2510
109,0,19,0.5896
390,21,19,0.9329
391,21,19,0.2321
392,21,19,0.7592
393,21,19,0.3152
394,21,19,0.1496
395,21,19,0.3530
396,21,19,0.7264
397,21,19,0.3245
398,21,19,0.3204
399,21,19,0.6334
1030,32,19,0.8116
1031,32,19,0.5277
1032,32,19,0.0541
1033,32,19,0.6863
1034,32,19,0.3193
1035,32,19,0.8577
1036,32,19,0.9240
1037,32,19,0.8333
1038,32,19,0.1976
1039,32,19,0.9603
1220,38,59,0.9616
1221,38,59,0.9693
1222,38,59,0.9067
1223,38,59,0.8263
1224,38,59,0.7263
1225,38,59,0.6827
1226,38,59,0.6630
1227,38,59,0.9753
1228,38,59,0.9759
1229,38,59,0.8136
110,0,19,0.2418
111,0,19,0.6423
112,0,19,0.6679
400,21,19,0.1423
401,21,19,0.3900
402,21,19,0.9264
403,21,19,0.0299
404,21,19,0.6323
405,21,19,0.5670
406,21,19,0.7039
407,21,19,0.8763
408,21,19,0.9166
409,21,19,0.3608
1040,32,19,0.7030
1041,32,19,0.3720
1042,32,19,0.0674
1043,32,19,0.7160
1044,32,19,0.4314
1045,32,19,0.2081
1046,32,19,0.7716
1047,32,19,0.3614
1048,32,19,0.8200
1049,32,19,0.8886
1230,38,19,0.8017
1231,38,19,0.2303
1232,38,19,0.4995
1233,38,19,0.4493
1234,38,19,0.0883
1235,38,19,0.7804
1236,38,19,0.7323
1237,38,19,0.2922
1238,38,19,0.7615
1239,38,19,0.7095
113,0,19,0.9303
114,0,19,0.9252
115,0,19,0.5770
410,21,19,0.3905
411,21,19,0.2770
412,21,19,0.2757
413,21,19,0.7117
414,21,19,0.8094
415,21,19,0.6123
416,21,19,0.9367
417,21,19,0.9737
418,21,19,0.9494
419,21,19,0.9834
1050,32,19,0.8298
1051,32,19,0.3382
1052,32,19,0.5561
1053,32,19,0.6424
1054,32,19,0.8204
1055,32,19,0.1893
1056,32,19,0.8654
1057,32,19,0.1508
1058,32,19,0.8388
1059,32,19,0.4821
1240,44,59,0.6854
1241,44,59,0.9638
1242,44,59,0.9823
1243,44,59,0.9753
1244,44,59,0.4041
1245,44,59,0.8078
1246,44,59,0.7337
1247,44,59,0.9501
1248,44,59,0.9809
116,0,19,0.8662
117,0,19,0.7154
118,0,19,0.2679
119,0,19,0.5143
420,21,19,0.1179
421,21,19,0.3349
422,21,19,0.1193
423,21,19,0.3630
424,21,19,0.7546
425,21,19,0.3002
426,21,19,0.2080
427,21,19,0.6504
428,21,19,0.3054
429,21,19,0.8024
1060,32,19,0.7255
1061,32,19,0.4083
1062,32,19,0.8519
1063,32,19,0.7434
1064,32,19,0.8002
1065,32,19,0.2567
1066,32,19,0.2669
1067,32,19,0.7213
1068,32,19,0.4988
1069,32,19,0.1107
1249,44,19,0.6841
1250,44,19,0.9774
1251,44,19,0.9696
1252,44,19,0.9186
1253,44,19,0.7971
1254,44,19,0.9661
1255,44,19,0.8061
1256,44,19,0.3955
1257,44,19,0.6569
120,0,19,0.7885
121,0,19,0.4142
122,0,19,0.4945
123,0,19,0.8301
124,0,19,0.7759
125,0,19,0.3730
126,0,19,0.8533
127,0,19,0.7715
430,21,19,0.7347
431,21,19,0.5436
432,21,19,0.4674
433,21,19,0.9545
434,21,19,0.9659
435,21,19,0.3257
436,21,19,0.7805
437,21,19,0.7154
438,21,19,0.8758
439,21,19,0.8088
1070,32,19,0.2901
1071,32,19,0.6359
1072,32,19,0.8798
1073,32,19,0.5824
1074,32,19,0.8065
1075,32,19,0.7677
1076,32,19,0.9223
1077,32,19,0.8168
1078,32,19,0.9139
1079,32,19,0.7123
1258,44,19,0.3953
1259,44,19,0.6748
128,0,19,0.2901
129,0,19,0.5590
440,21,19,0.2286
441,21,19,0.2132
442,21,19,0.6081
443,21,19,0.1298
444,21,19,0.6500
445,21,19,0.8472
446,21,19,0.7454
447,21,19,0.9589
448,21,19,0.9807
449,21,19,0.9869
1080,32,19,0.8730
1081,32,19,0.4001
1082,32,19,0.7796
1083,32,19,0.9036
1084,32,19,0.9703
1085,32,19,0.9800
1086,32,19,0.9847
1087,32,19,0.9857
1088,32,19,0.9873
1089,32,19,0.9871
1260,44,19,0.7340
1261,44,19,0.7952
1262,44,19,0.9788
1263,44,19,0.9818
1264,44,19,0.5522
1265,44,19,0.7608
1266,44,19,0.9449
1267,44,19,0.9717
1268,44,19,0.0800
130,0,19,0.6281
131,0,19,0.7280
132,0,19,0.9630
133,0,19,0.3279
134,0,19,0.9309
135,0,19,0.7907
136,0,19,0.8633
137,0,19,0.1468
450,21,19,0.7951
451,21,19,0.7985
452,21,19,0.1999
453,21,19,0.2288
454,21,19,0.8546
455,21,19,0.5136
456,21,19,0.2887
457,21,19,0.2533
458,21,19,0.3319
459,21,19,0.6545
1090,32,19,0.7209
1091,32,19,0.7592
1092,32,19,0.9403
1093,32,19,0.9656
1094,32,19,0.9857
1095,32,19,0.8272
1096,32,19,0.9923
1097,32,19,0.9903
1098,32,19,0.9912
1099,32,19,0.9911
1269,44,19,0.8018
1270,44,19,0.9692
1271,44,19,0.2996
1272,44,19,0.9788
1273,44,19,0.4374
1274,44,19,0.6098
1275,44,19,0.8247
1276,44,19,0.9401
1277,44,19,0.9787
138,0,19,0.4201
139,0,19,0.6451
460,21,19,0.8808
461,21,19,0.3225
462,21,19,0.2462
463,21,19,0.2033
464,21,19,0.8942
465,21,19,0.3111
466,21,19,0.2850
467,21,19,0.7360
468,21,19,0.9013
469,21,19,0.9004
1100,32,19,0.3551
1101,32,19,0.3532
1102,32,19,0.5991
1103,32,19,0.9682
1104,32,19,0.7508
1105,32,19,0.2418
1106,32,19,0.5194
1107,32,19,0.8071
1108,32,19,0.5304
1109,32,19,0.5627
1278,49,59,0.9661
1279,49,59,0.7170
1280,49,59,0.9081
1281,49,59,0.8017
1282,49,59,0.8610
1283,49,59,0.9749
1284,49,59,0.7481
1285,49,59,0.6048
1286,49,59,0.1955
1287,49,59,0.0198
140,0,19,0.8990
141,0,19,0.7234
142,0,19,0.3213
470,21,19,0.8616
471,21,19,0.8852
472,21,19,0.1777
473,21,19,0.2611
474,21,19,0.9239
475,21,19,0.7683
476,21,19,0.2401
477,21,19,0.2582
478,21,19,0.3134
479,21,19,0.2302
1110,32,19,0.8435
1111,32,19,0.7578
1112,32,19,0.9054
1113,32,19,0.9429
1114,32,19,0.9775
1115,32,19,0.9786
1116,32,19,0.7466
1117,32,19,0.9481
1118,32,19,0.6311
1119,32,19,0.6298
1288,49,59,0.9165
1289,49,59,0.9795
1290,49,59,0.3171
1291,49,59,0.1619
143,0,19,0.2709
144,0,19,0.7254
480,21,19,0.3098
481,21,19,0.1963
482,21,19,0.6650
483,21,19,0.6511
484,21,19,0.6348
485,21,19,0.3979
486,21,19,0.6805
487,21,19,0.6144
488,21,19,0.4283
489,21,19,0.7223
1120,32,19,0.3899
1121,32,19,0.5534
1122,32,19,0.2635
1123,32,19,0.1861
1124,32,19,0.7583
1125,32,19,0.8501
1126,32,19,0.1708
1127,32,19,0.9451
1128,32,19,0.7792
1129,32,19,0.8228
1292,49,59,0.9803
1293,49,59,0.8277
1294,49,59,0.3071
145,0,19,0.9632
146,0,19,0.7487
147,0,19,0.9748
148,0,19,0.0382
149,0,19,0.0196
150,0,19,0.9790
151,0,19,0.2280
152,0,19,0.1656
153,0,19,0.9669
154,0,19,0.6474
490,21,19,0.8812
491,21,19,0.9456
492,21,19,0.3132
493,21,19,0.7722
494,21,19,0.2633
495,21,19,0.6458
496,21,19,0.8006
497,21,19,0.6738
498,21,19,0.7080
499,21,19,0.5944
1130,32,19,0.3951
1131,32,19,0.6819
1132,32,19,0.9502
1133,32,19,0.4644
1134,32,19,0.8981
1135,32,19,0.9421
1136,32,19,0.4409
1137,32,19,0.7468
1138,32,19,0.8348
1139,32,19,0.6080
1295,49,59,0.9273
1296,49,59,0.3264
1297,49,59,0.1454
155,0,19,0.9256
156,0,19,0.7074
157,0,19,0.7735
500,21,19,0.0462
501,21,19,0.3015
502,21,19,0.8897
503,21,19,0.2307
504,21,19,0.1938
505,21,19,0.8053
506,21,19,0.9180
507,21,19,0.8074
508,21,19,0.0395
509,21,19,0.5131
1140,32,19,0.5763
1141,32,19,0.5613
1142,32,19,0.8816
1143,32,19,0.2275
1144,32,19,0.2940
1145,32,19,0.6249
1146,32,19,0.7150
1147,32,19,0.8965
1148,32,19,0.6479
1149,32,19,0.8869
1298,49,59,0.6654
1299,49,59,0.4397
158,0,19,0.2438
159,0,19,0.5532
160,0,19,0.0452
161,0,19,0.8160
162,0,19,0.2836
510,21,19,0.8118
511,21,19,0.7890
512,21,19,0.9663
513,21,19,0.8993
514,21,19,0.1261
515,21,19,0.3581
516,21,19,0.8395
517,21,19,0.5921
518,21,19,0.4799
519,21,19,0.4091
1150,32,19,0.6672
1151,32,19,0.3488
1152,32,19,0.1466
1300,49,59,0.4407
1301,49,59,0.9692
163,0,19,0.4758
164,0,19,0.5697
520,21,19,0.8578
521,21,19,0.9304
522,21,19,0.9734
523,21,19,0.8437
524,21,19,0.9176
525,21,19,0.5813
526,21,19,0.8825
527,21,19,0.8357
528,21,19,0.6641
529,21,19,0.9608
1153,32,19,0.8619
1154,32,19,0.7325
1155,32,19,0.2790
1156,32,19,0.7901
1157,32,19,0.8769
1158,32,19,0.1743
1159,32,19,0.7017
1160,32,19,0.7226
1161,32,19,0.1652
1162,32,19,0.9173
1302,49,59,0.9230
1303,49,59,0.9170
1304,49,59,0.9789
1305,49,59,0.9855
1306,49,59,0.9826
1307,49,59,0.9861
1308,49,59,0.8226
1309,49,59,0.7570
1310,49,59,0.8367
1311,49,59,0.6231
165,0,19,0.8006
166,0,19,0.2603
167,0,19,0.4272
530,21,19,0.7445
531,21,19,0.3943
532,21,19,0.5625
533,21,19,0.7253
534,21,19,0.9626
535,21,19,0.3675
536,21,19,0.6698
537,21,19,0.2725
538,21,19,0.7794
539,21,19,0.7980
1163,32,19,0.6910
1164,32,19,0.8151
1165,32,19,0.9616
1166,32,19,0.8786
1167,32,19,0.7074
1168,32,19,0.4106
1169,32,19,0.4742
1170,32,19,0.4559
1171,32,19,0.9404
1172,32,19,0.9687
1312,49,19,0.1362
1313,49,19,0.7531
168,0,19,0.5363
169,0,19,0.2595
540,21,19,0.5757
541,21,19,0.6421
1173,32,19,0.6408
1174,32,19,0.3895
1175,32,19,0.9338
1176,32,19,0.3354
1177,32,19,0.0441
1178,32,19,0.7057
1179,32,19,0.4734
1180,32,19,0.6169
1181,32,19,0.7479
1182,32,19,0.2677
1314,49,19,0.4420
1315,49,19,0.7947
170,0,19,0.3383
171,0,19,0.5200
542,21,19,0.8108
543,21,19,0.7190
544,21,19,0.4674
545,21,19,0.3718
546,21,19,0.7557
547,21,19,0.1959
548,21,19,0.5757
549,21,19,0.6850
550,21,19,0.7219
551,21,19,0.7628
1183,32,19,0.7330
1184,32,19,0.3065
1185,32,19,0.3182
1186,32,19,0.0630
1187,32,19,0.9151
1188,32,19,0.7319
1189,32,19,0.8668
1190,32,19,0.2004
1191,32,19,0.2106
1192,32,19,0.6888
1316,49,19,0.7071
1317,49,19,0.7190
1318,49,19,0.2541
1319,49,19,0.9257
1320,49,19,0.9545
1321,49,19,0.8527
1322,49,19,0.7158
1323,49,19,0.9564
1324,49,19,0.7841
1325,49,19,0.8317
172,0,19,0.9558
173,0,19,0.9717
174,0,19,0.2023
175,0,19,0.7841
552,21,19,0.6605
553,21,19,0.5828
554,21,19,0.8676
555,21,19,0.6516
556,21,19,0.5660
557,21,19,0.7962
558,21,19,0.7707
559,21,19,0.6907
560,21,19,0.7489
561,21,19,0.4411
1193,32,19,0.7943
1194,32,19,0.6167
1195,32,19,0.8492
1196,32,19,0.9683
1197,32,19,0.7646
1198,32,19,0.6763
1199,32,19,0.7309
1200,32,19,0.8185
1201,32,19,0.9759
1202,32,19,0.9786
1326,49,19,0.8643
1327,49,19,0.9395
1328,49,19,0.1009
1329,49,19,0.7218
1330,49,19,0.9671
1331,49,19,0.9761
1332,49,19,0.9178
1333,49,19,0.9563
1334,49,19,0.6682
1335,49,19,0.9760
176,0,19,0.6289
177,0,19,0.6931
178,0,19,0.2928
562,21,19,0.2800
563,21,19,0.7029
564,21,19,0.5144
565,21,19,0.4834
566,21,19,0.8035
567,21,19,0.7383
568,21,19,0.9278
569,21,19,0.9465
570,21,19,0.9621
571,21,19,0.9734
1336,49,19,0.7578
1337,50,59,0.8859
1338,50,59,0.8029
1339,50,59,0.7852
1340,50,59,0.7568
1341,50,59,0.8512
1342,50,59,0.0487
1343,50,59,0.8411
1344,50,59,0.9491
179,0,19,0.9528
180,0,19,0.9196
181,0,19,0.7882
572,21,19,0.3838
573,21,19,0.7626
574,21,19,0.9399
575,21,19,0.6219
576,21,19,0.7030
577,21,19,0.7483
578,21,19,0.9067
579,21,19,0.8366
580,21,19,0.9136
581,21,19,0.8143
1345,50,59,0.5115
1346,50,59,0.9521
1347,50,59,0.6105
1348,50,59,0.7084
1349,50,59,0.9616
1350,50,59,0.7494
1438,52,59,0.8523
1439,52,59,0.9272
1440,52,59,0.9029
182,0,19,0.2702
183,0,19,0.7100
582,21,19,0.2795
583,21,19,0.7906
584,21,19,0.8878
585,21,19,0.0545
586,21,19,0.8143
587,21,19,0.2633
588,21,19,0.6472
589,21,19,0.3051
590,21,19,0.8272
591,21,19,0.5609
1351,50,59,0.5276
1352,50,59,0.9670
1353,50,59,0.8585
1354,50,59,0.9361
1355,50,59,0.7905
1356,50,59,0.9547
1357,50,59,0.9462
1358,50,59,0.9669
1359,50,59,0.0597
1360,50,59,0.8860
1441,52,59,0.8671
1442,52,59,0.5028
1443,52,59,0.2063
1444,52,59,0.6539
1445,52,59,0.0584
1446,52,59,0.6769
1447,52,59,0.7682
1448,52,59,0.8240
1449,52,59,0.8138
1450,52,59,0.9517
184,0,19,0.9603
185,0,19,0.4713
186,0,19,0.7552
187,0,19,0.9648
188,0,19,0.9180
189,0,19,0.9806
190,0,19,0.0860
191,0,19,0.7697
192,0,19,0.4989
592,21,19,0.3952
593,21,19,0.1571
594,21,19,0.6583
595,21,19,0.7529
596,21,19,0.9165
597,21,19,0.7976
598,21,19,0.8877
599,21,19,0.8006
600,21,19,0.8708
601,21,19,0.8263
1361,50,59,0.8398
1362,50,59,0.6262
1363,50,59,0.4889
1364,50,59,0.9017
1365,50,59,0.7812
1366,50,59,0.6123
1367,50,59,0.9313
1368,50,59,0.7375
1369,50,59,0.8404
1370,50,59,0.3191
1451,52,59,0.4082
1452,52,59,0.8937
193,0,19,0.4507
194,0,19,0.5118
602,21,19,0.7949
603,21,19,0.7668
604,21,19,0.9261
605,21,19,0.0662
606,21,19,0.0577
607,21,19,0.7117
608,21,19,0.3644
609,21,19,0.3229
610,21,19,0.4092
611,21,19,0.2946
1371,50,59,0.8730
1372,50,59,0.8780
1373,50,59,0.5978
1374,50,59,0.8192
1375,50,59,0.9644
1376,50,59,0.4196
1377,50,59,0.8480
1378,50,59,0.9287
1379,50,59,0.8932
1380,50,59,0.0822
1453,52,59,0.3907
1454,52,59,0.7210
1455,52,59,0.6284
1456,52,59,0.9479
1457,52,59,0.1266
1458,52,59,0.8331
1459,52,59,0.7500
1460,52,59,0.9358
1461,52,59,0.9500
1462,52,59,0.9867
195,0,19,0.5779
196,0,19,0.6297
612,21,19,0.8220
613,21,19,0.6412
614,21,19,0.1409
615,21,19,0.1086
616,21,19,0.2528
617,21,19,0.3486
618,21,19,0.6315
619,21,19,0.3408
620,21,19,0.7922
621,21,19,0.2481
1381,50,59,0.9117
1382,50,59,0.6895
1383,50,59,0.4367
1384,50,59,0.9264
1385,50,59,0.4680
1386,50,59,0.3637
1387,50,59,0.7183
1388,50,59,0.7629
1389,50,59,0.0407
1463,52,59,0.7525
1464,52,59,0.6387
1465,52,59,0.6247
1466,52,59,0.9285
197,0,19,0.2134
198,0,19,0.6898
622,21,19,0.1928
623,21,19,0.2447
624,21,19,0.7646
625,21,19,0.8943
626,21,19,0.2035
627,21,19,0.2700
628,21,19,0.7913
629,21,19,0.4492
630,21,19,0.9272
631,21,19,0.9420
1390,50,59,0.4166
1391,50,59,0.7233
1392,50,59,0.8379
1393,50,59,0.9765
1394,50,59,0.7603
1395,50,59,0.9639
1396,50,59,0.9708
1397,50,59,0.5697
1398,50,59,0.9859
1399,50,59,0.9529
1467,52,59,0.4710
1468,52,59,0.9466
199,0,19,0.2181
200,0,19,0.2470
632,21,19,0.1455
633,21,19,0.2071
634,21,19,0.1914
635,21,19,0.5929
636,21,19,0.4420
637,21,19,0.5935
638,21,19,0.7522
639,21,19,0.8704
640,21,19,0.7857
641,21,19,0.8957
1400,50,59,0.9359
1401,50,59,0.9470
1402,50,59,0.6547
1403,50,59,0.9461
1404,50,59,0.9724
1405,50,59,0.9853
1406,50,59,0.6290
1407,50,59,0.8657
1408,50,59,0.9766
1469,52,59,0.4587
1470,52,59,0.1838
1471,52,59,0.8021
201,0,19,0.9556
202,0,19,0.5464
203,0,19,0.8626
642,21,19,0.2304
643,21,19,0.5326
644,21,19,0.7097
645,21,19,0.7761
646,21,19,0.8729
647,21,19,0.8073
648,21,19,0.9169
649,21,19,0.6691
650,21,19,0.9278
651,21,19,0.7737
1409,50,19,0.8039
1410,50,19,0.6024
1411,50,19,0.2166
1412,50,19,0.6947
1413,50,19,0.2992
1472,52,59,0.7592
1473,52,59,0.6983
1474,52,59,0.8365
1475,52,59,0.8874
1476,52,59,0.4453
1477,52,59,0.9758
1478,52,59,0.9736
1479,52,59,0.9674
1480,52,59,0.9569
1481,52,59,0.2943
204,0,19,0.2778
205,0,19,0.2777
652,21,19,0.5486
653,21,19,0.5508
654,21,19,0.7931
655,21,19,0.2655
656,21,19,0.6545
657,21,19,0.3338
658,21,19,0.8459
659,21,19,0.2343
660,21,19,0.6647
661,21,19,0.6648
1414,50,19,0.9146
1415,50,19,0.1851
1416,50,19,0.2988
1417,50,19,0.7996
1418,50,19,0.6051
1419,50,19,0.7707
1482,52,59,0.9092
1483,52,59,0.7977
1484,52,59,0.8206
1485,52,59,0.6415
1486,52,59,0.6191
1487,52,59,0.7014
1488,52,59,0.6857
1489,52,59,0.4271
1490,52,59,0.6174
206,0,19,0.4683
207,0,19,0.6191
662,21,19,0.7355
663,21,19,0.4645
664,21,19,0.5299
665,21,19,0.7427
666,21,19,0.9293
667,21,19,0.8155
668,21,19,0.0942
669,21,19,0.2187
670,21,19,0.4241
671,21,19,0.7702
1420,50,19,0.8785
1421,50,19,0.7429
1422,50,19,0.8533
1423,50,19,0.9435
1424,50,19,0.4563
1425,50,19,0.8063
1491,52,59,0.5608
1492,52,59,0.3102
1493,52,59,0.2317
1494,52,59,0.8255
1495,52,59,0.8480
1496,52,59,0.9608
1497,52,59,0.8893
1498,52,59,0.9682
1499,52,59,0.9082
1500,52,59,0.9679
208,0,19,0.5124
209,0,19,0.4922
210,0,19,0.6095
672,21,19,0.2828
673,21,19,0.1356
674,21,19,0.6121
675,21,19,0.7337
676,21,19,0.8646
677,21,19,0.8206
678,21,19,0.9301
679,21,19,0.8126
680,21,19,0.9194
681,21,19,0.8274
1426,50,19,0.7700
1427,50,19,0.9452
1428,50,19,0.8352
1429,50,19,0.9694
1430,50,19,0.7164
1431,50,19,0.9810
1432,50,19,0.8719
1433,50,19,0.6228
1434,50,19,0.8001
1435,50,19,0.9604
1501,52,59,0.2640
1502,52,59,0.8121
211,0,19,0.9363
212,0,19,0.9284
213,0,19,0.9787
214,0,19,0.2083
682,21,19,0.1623
683,21,19,0.7433
684,21,19,0.8112
685,21,19,0.1512
686,21,19,0.7692
687,21,19,0.6089
688,21,19,0.7539
689,21,19,0.7456
690,21,19,0.8003
691,21,19,0.8933
1436,50,19,0.5977
1503,52,59,0.9695
1504,52,59,0.8612
1505,52,59,0.8104
1506,52,59,0.7520
1507,52,59,0.3854
215,0,19,0.4107
216,0,19,0.3956
692,21,19,0.5192
693,21,19,0.6064
694,21,19,0.1810
695,21,19,0.6195
696,21,19,0.7171
697,21,19,0.9083
698,21,19,0.7795
699,21,19,0.9197
700,21,19,0.7750
701,21,19,0.0932
1437,50,19,0.6344
1508,52,59,0.7029
1509,52,59,0.9650
217,0,19,0.6286
218,0,19,0.2343
219,0,19,0.9529
702,21,19,0.2474
703,21,19,0.2930
704,21,19,0.0635
705,21,19,0.2113
706,21,19,0.7588
707,21,19,0.3928
708,21,19,0.4329
709,21,19,0.6038
710,21,19,0.5959
711,21,19,0.7060
1510,52,59,0.7254
1511,52,59,0.9691
1512,52,59,0.1297
1513,52,59,0.8512
1514,52,59,0.9584
1515,52,59,0.3863
1516,52,59,0.9447
1517,52,59,0.4052
1518,52,59,0.0524
1544,55,59,0.8766
1545,55,59,0.9109
1546,55,59,0.1901
1547,55,59,0.9171
1548,55,59,0.2316
1549,55,59,0.2618
1550,55,59,0.8267
1551,55,59,0.8296
1552,55,59,0.2096
1553,55,59,0.3038
220,0,19,0.0361
221,0,19,0.7890
712,21,19,0.3057
713,21,19,0.6914
714,21,19,0.1236
715,21,19,0.7926
716,21,19,0.2175
717,21,19,0.1568
718,21,19,0.8917
719,21,19,0.7665
720,21,19,0.8625
721,21,19,0.8111
1519,52,19,0.9841
1520,52,19,0.1990
1521,52,19,0.3058
1522,52,19,0.7933
1523,52,19,0.6812
1554,55,59,0.8234
1555,55,59,0.9519
1556,55,59,0.8907
1557,55,59,0.9655
1558,55,59,0.8264
1559,55,59,0.6971
1560,55,59,0.9374
1561,55,59,0.9416
1562,55,59,0.9654
1563,55,59,0.9001
222,0,19,0.9054
223,0,19,0.2279
224,0,19,0.4637
722,21,19,0.1610
723,21,19,0.5889
724,21,19,0.6507
725,21,19,0.6774
726,21,19,0.8842
727,21,19,0.7889
728,21,19,0.9032
729,21,19,0.7973
730,21,19,0.9143
731,21,19,0.8053
1524,52,19,0.4744
1525,52,19,0.4485
1526,52,19,0.8454
1527,52,19,0.8927
1528,52,19,0.7862
1529,52,19,0.9163
1530,52,19,0.9319
1531,52,19,0.9680
1532,52,19,0.9739
1533,52,19,0.9203
1564,55,19,0.8426
1565,55,19,0.9311
1566,55,19,0.4656
1567,55,19,0.8518
1568,55,19,0.6988
1569,55,19,0.9816
225,0,19,0.2612
226,0,19,0.6191
732,21,19,0.0995
733,21,19,0.7322
734,21,19,0.2125
735,21,19,0.1474
736,21,19,0.3370
737,21,19,0.8766
738,21,19,0.4440
739,21,19,0.2700
740,21,19,0.7724
741,21,19,0.5588
1534,52,19,0.6103
1535,52,19,0.8922
1536,52,19,0.4749
1537,52,19,0.9024
1538,52,19,0.5217
1539,52,19,0.2217
1540,52,19,0.6188
1541,52,19,0.9190
1542,52,19,0.6741
1543,52,19,0.9636
1570,55,19,0.5854
1571,55,19,0.7977
1572,55,19,0.6606
1573,55,19,0.7379
227,0,19,0.2307
228,0,19,0.7315
742,21,19,0.1741
743,21,19,0.3595
744,21,19,0.2116
745,21,19,0.6593
746,21,19,0.5906
747,21,19,0.8580
748,21,19,0.8858
749,21,19,0.9070
750,21,19,0.8883
751,21,19,0.9737
1574,55,19,0.8794
1575,55,19,0.9738
1576,55,19,0.9552
1577,55,19,0.2795
1578,55,19,0.7506
1579,55,19,0.5698
1580,55,19,0.7731
1581,55,19,0.0932
1582,55,19,0.9255
1583,55,19,0.3172
1614,56,59,0.9696
1615,56,59,0.8267
1616,56,59,0.8971
1617,56,59,0.9687
1618,56,59,0.9597
1619,56,59,0.9644
1620,56,59,0.6464
1621,56,59,0.7208
1622,56,59,0.9786
1623,56,59,0.9019
229,0,19,0.6615
230,0,19,0.6282
231,0,19,0.7393
232,0,19,0.4169
752,21,19,0.1563
753,21,19,0.7718
754,21,19,0.9038
755,21,19,0.9554
756,21,19,0.9609
757,21,19,0.9805
758,21,19,0.9834
759,21,19,0.9859
760,21,19,0.9867
761,21,19,0.9855
1584,55,19,0.9696
1585,55,19,0.2142
1586,55,19,0.6144
1587,55,19,0.5329
1588,55,19,0.8596
1589,55,19,0.3960
1590,55,19,0.3858
1591,55,19,0.2271
1592,55,19,0.7905
1593,55,19,0.3752
1624,56,59,0.8273
1625,56,59,0.9281
1626,56,59,0.9765
1627,56,59,0.9690
1628,56,59,0.9753
1629,56,59,0.5175
1630,56,59,0.9843
1631,56,59,0.9612
1632,56,59,0.5234
1633,56,59,0.7692
233,0,19,0.7503
234,0,19,0.8832
235,0,19,0.9112
236,0,19,0.7970
237,0,19,0.3587
238,0,19,0.9689
239,0,19,0.6201
240,0,19,0.7860
241,0,19,0.4421
242,0,19,0.2958
762,21,19,0.2627
763,21,19,0.5644
764,21,19,0.4764
765,21,19,0.3642
766,21,19,0.3631
767,21,19,0.4915
768,21,19,0.4697
769,21,19,0.6536
770,21,19,0.6249
771,21,19,0.7786
1594,55,19,0.8390
1595,55,19,0.4418
1596,55,19,0.8575
1597,55,19,0.9711
1598,55,19,0.3054
1599,55,19,0.9839
1600,55,19,0.9690
1601,55,19,0.7798
1602,55,19,0.2064
1603,55,19,0.5346
1634,56,19,0.1921
1635,56,19,0.6406
1636,56,19,0.3705
1637,56,19,0.3657
1638,56,19,0.8528
1639,56,19,0.9674
1640,56,19,0.9838
1641,56,19,0.9863
1642,56,19,0.9844
1643,56,19,0.9868
243,0,19,0.8607
244,0,19,0.8359
245,0,19,0.1207
246,0,19,0.7352
772,21,19,0.9299
773,21,19,0.5934
774,21,19,0.7699
775,21,19,0.7759
776,21,19,0.9258
777,21,19,0.7892
778,21,19,0.9275
779,21,19,0.7678
780,21,19,0.8999
781,21,19,0.8172
1604,55,19,0.9392
1605,55,19,0.8744
1606,55,19,0.8833
1607,55,19,0.5732
1608,55,19,0.7768
1609,55,19,0.9738
1610,55,19,0.7154
1611,55,19,0.7830
1612,55,19,0.6685
1613,55,19,0.9669
1644,56,19,0.7472
1645,56,19,0.5820
1646,56,19,0.9416
1647,56,19,0.2890
1648,56,19,0.5083
1649,56,19,0.9655
1650,56,19,0.9782
1651,56,19,0.9636
1652,56,19,0.3193
1653,56,19,0.4237
247,0,19,0.9348
248,0,19,0.6713
249,0,19,0.4435
782,21,19,0.6287
783,21,19,0.1717
784,21,19,0.9553
785,21,19,0.8527
786,21,19,0.8933
787,21,19,0.8828
788,21,19,0.8471
789,21,19,0.9427
790,21,19,0.9037
1654,56,19,0.9066
1655,56,19,0.4036
1656,56,19,0.6606
1657,56,19,0.4175
1658,56,19,0.4267
1659,56,19,0.7939
1660,56,19,0.2629
1661,56,19,0.7761
1662,56,19,0.7450
1663,56,19,0.9304
1774,57,59,0.9482
1775,57,59,0.7022
1776,57,59,0.5259
1777,57,59,0.7148
1778,57,59,0.4775
1779,57,59,0.9334
1780,57,59,0.7740
1781,57,59,0.5825
1782,57,59,0.4482
1783,57,59,0.8834
250,0,19,0.2924
251,0,19,0.6137
1664,56,19,0.8230
1665,56,19,0.2875
1666,56,19,0.8312
1667,56,19,0.8973
1668,56,19,0.8267
1669,56,19,0.9696
1670,56,19,0.0739
1671,56,19,0.8378
1672,56,19,0.8918
1673,56,19,0.9777
1784,57,59,0.8576
1785,57,59,0.8529
1786,57,59,0.7934
1787,57,59,0.9263
1788,57,59,0.6362
1789,57,59,0.9674
1790,57,59,0.9665
1791,57,59,0.9748
1792,57,59,0.7163
1873,58,59,0.9658
1874,58,59,0.8017
1875,58,59,0.9259
1876,58,59,0.9545
1877,58,59,0.7687
1878,58,59,0.8062
1879,58,59,0.6487
1880,58,59,0.7917
1881,58,59,0.6815
1882,58,59,0.7398
252,0,19,0.8522
253,0,19,0.8439
254,0,19,0.9766
255,0,19,0.9814
256,0,19,0.5446
257,0,19,0.7599
258,0,19,0.0758
259,0,19,0.6459
260,0,19,0.6883
261,0,19,0.7369
1674,56,19,0.7472
1675,56,19,0.7691
1676,56,19,0.1316
1677,56,19,0.3519
1678,56,19,0.4155
1679,56,19,0.5592
1680,56,19,0.1366
1681,56,19,0.2927
1682,56,19,0.0676
1683,56,19,0.6697
1793,57,19,0.5844
1794,57,19,0.2812
1795,57,19,0.7917
1796,57,19,0.3655
1797,57,19,0.7072
1798,57,19,0.7508
1799,57,19,0.7681
1800,57,19,0.6032
1801,57,19,0.7834
1802,57,19,0.8288
1883,58,19,0.6528
1884,58,19,0.2830
1885,58,19,0.7951
1886,58,19,0.5056
1887,58,19,0.2729
1888,58,19,0.4062
1889,58,19,0.2597
1890,58,19,0.9407
1891,58,19,0.9671
1892,58,19,0.9147
262,0,19,0.9283
263,0,19,0.8003
264,0,19,0.9360
265,0,19,0.8976
266,0,19,0.2973
267,0,19,0.7745
268,0,19,0.5625
269,0,19,0.9700
270,0,19,0.9833
271,0,19,0.7725
1684,56,19,0.8625
1685,56,19,0.6536
1686,56,19,0.9715
1687,56,19,0.9046
1688,56,19,0.9646
1689,56,19,0.9813
1690,56,19,0.9811
1691,56,19,0.9524
1692,56,19,0.1744
1693,56,19,0.3170
1803,57,19,0.5282
1804,57,19,0.3850
1805,57,19,0.9015
1806,57,19,0.9525
1807,57,19,0.2069
1808,57,19,0.6409
1809,57,19,0.5119
1810,57,19,0.7386
1811,57,19,0.7414
1812,57,19,0.6930
1893,58,19,0.7490
1894,58,19,0.2212
1895,58,19,0.6723
1896,58,19,0.3634
1897,58,19,0.5174
1898,58,19,0.9184
1899,58,19,0.9767
1900,58,19,0.9805
1901,58,19,0.9853
1902,58,19,0.9871
1694,56,19,0.6736
1695,56,19,0.3210
1696,56,19,0.5924
1697,56,19,0.8488
1698,56,19,0.4835
1699,56,19,0.5899
1700,56,19,0.1813
1701,56,19,0.2378
1702,56,19,0.3023
1703,56,19,0.7426
1813,57,19,0.8832
1814,57,19,0.9267
1815,57,19,0.9328
1816,57,19,0.9034
1817,57,19,0.4393
1818,57,19,0.2588
1819,57,19,0.7586
1820,57,19,0.8820
1821,57,19,0.7733
1822,57,19,0.7324
1903,58,19,0.2691
1904,58,19,0.2719
1905,58,19,0.5491
1906,58,19,0.7771
1907,58,19,0.6315
1908,58,19,0.9720
1909,58,19,0.8788
1910,58,19,0.9684
1911,58,19,0.2284
1912,58,19,0.8784
1953,66,59,0.8160
1954,66,59,0.9331
1955,66,59,0.9633
1956,66,59,0.4532
1957,66,59,0.9620
1958,66,59,0.8037
1959,66,59,0.9775
1960,66,59,0.9833
1961,66,59,0.9513
1962,66,59,0.9633
1704,56,19,0.6667
1705,56,19,0.8847
1706,56,19,0.4684
1707,56,19,0.4254
1708,56,19,0.7662
1709,56,19,0.7701
1710,56,19,0.9563
1711,56,19,0.9411
1712,56,19,0.9827
1713,56,19,0.9853
1823,57,19,0.5813
1824,57,19,0.6491
1825,57,19,0.6397
1826,57,19,0.9734
1827,57,19,0.8920
1828,57,19,0.9691
1829,57,19,0.7481
1830,57,19,0.9028
1831,57,19,0.4415
1832,57,19,0.6578
1913,58,19,0.3212
1914,58,19,0.5410
1915,58,19,0.8040
1916,58,19,0.4075
1917,58,19,0.7948
1918,58,19,0.8086
1919,58,19,0.1760
1920,58,19,0.2932
1921,58,19,0.5841
1922,58,19,0.8989
1963,66,19,0.9416
1964,66,19,0.9437
1965,66,19,0.6119
1966,66,19,0.7416
1967,66,19,0.7889
1968,66,19,0.9620
1969,66,19,0.6364
1970,66,19,0.8887
1971,66,19,0.6218
1972,66,19,0.5405
1714,56,19,0.3775
1715,56,19,0.9549
1716,56,19,0.9493
1717,56,19,0.9818
1718,56,19,0.9543
1719,56,19,0.9748
1720,56,19,0.8726
1721,56,19,0.6194
1722,56,19,0.8278
1723,56,19,0.2144
1833,57,19,0.7846
1834,57,19,0.7332
1835,57,19,0.4592
1836,57,19,0.9547
1837,57,19,0.8931
1838,57,19,0.3791
1839,57,19,0.5511
1840,57,19,0.7647
1841,57,19,0.7805
1842,57,19,0.5986
1923,58,19,0.2698
1924,58,19,0.5607
1925,58,19,0.4126
1926,58,19,0.7569
1927,58,19,0.6147
1928,58,19,0.3046
1929,58,19,0.3170
1930,58,19,0.4364
1931,58,19,0.7395
1932,58,19,0.8338
1973,87,59,0.9322
1974,87,59,0.9629
1975,87,59,0.8837
1976,87,59,0.4141
1977,87,59,0.9819
1978,87,59,0.9583
1979,87,59,0.6083
1980,87,59,0.7994
1981,87,59,0.9428
1982,87,59,0.2841
1724,56,19,0.5270
1725,56,19,0.2593
1726,56,19,0.6061
1727,56,19,0.9282
1728,56,19,0.8950
1729,56,19,0.9767
1730,56,19,0.9843
1731,56,19,0.9864
1732,56,19,0.9870
1733,56,19,0.9865
1843,57,19,0.3161
1844,57,19,0.8504
1845,57,19,0.2433
1846,57,19,0.7929
1847,57,19,0.9195
1848,57,19,0.9556
1849,57,19,0.9720
1850,57,19,0.9870
1851,57,19,0.9908
1852,57,19,0.9877
1933,58,19,0.5449
1934,58,19,0.5705
1935,58,19,0.4924
1936,58,19,0.7635
1937,58,19,0.9594
1938,58,19,0.9789
1939,58,19,0.9822
1940,58,19,0.9836
1941,58,19,0.9845
1942,58,19,0.9855
1983,87,59,0.8415
1984,87,59,0.9613
1985,87,59,0.4644
1986,87,59,0.4164
1987,87,59,0.9579
1988,87,59,0.9534
1989,87,59,0.9836
1990,87,59,0.7101
1991,87,59,0.5854
1734,56,19,0.6186
1735,56,19,0.5904
1736,56,19,0.8973
1737,56,19,0.7977
1738,56,19,0.6422
1739,56,19,0.2920
1740,56,19,0.8251
1741,56,19,0.6177
1742,56,19,0.3902
1743,56,19,0.7338
1853,57,19,0.9557
1854,57,19,0.6687
1855,57,19,0.9770
1856,57,19,0.8574
1857,57,19,0.8272
1858,57,19,0.3925
1859,57,19,0.3909
1860,57,19,0.6633
1861,57,19,0.7672
1862,57,19,0.8439
1943,58,19,0.8250
1944,58,19,0.9665
1945,58,19,0.2905
1946,58,19,0.5899
1947,58,19,0.9756
1948,58,19,0.9627
1949,58,19,0.8185
1950,58,19,0.7410
1951,58,19,0.1107
1952,58,19,0.9468
1992,87,19,0.3984
1993,87,19,0.6946
1744,56,19,0.9568
1745,56,19,0.7273
1746,56,19,0.9083
1747,56,19,0.2944
1748,56,19,0.7835
1749,56,19,0.9429
1750,56,19,0.9055
1751,56,19,0.9772
1752,56,19,0.9081
1753,56,19,0.9831
1863,57,19,0.6827
1864,57,19,0.3826
1865,57,19,0.6816
1866,57,19,0.9553
1867,57,19,0.9030
1868,57,19,0.9737
1869,57,19,0.9660
1870,57,19,0.7066
1871,57,19,0.6372
1872,57,19,0.9713
1994,87,19,0.2004
1995,87,19,0.6799
2018,94,59,0.9551
2019,94,59,0.9245
2020,94,59,0.9270
2021,94,59,0.7490
2022,94,59,0.7631
2023,94,59,0.8494
2024,94,59,0.9701
2025,94,59,0.9802
2026,94,59,0.9658
2027,94,59,0.9735
1754,56,19,0.9396
1755,56,19,0.7537
1756,56,19,0.0861
1757,56,19,0.5907
1758,56,19,0.8694
1759,56,19,0.8876
1760,56,19,0.1101
1761,56,19,0.6171
1762,56,19,0.1742
1763,56,19,0.3763
1996,87,19,0.4043
1997,87,19,0.7615
1998,87,19,0.9145
1999,87,19,0.9657
2000,87,19,0.0327
2001,87,19,0.7382
2002,87,19,0.4548
2028,94,59,0.3096
2029,94,59,0.4494
2030,94,59,0.9348
2031,94,59,0.9537
2032,94,59,0.6052
2033,94,59,0.9708
2034,94,59,0.2853
2035,94,59,0.9413
2036,94,59,0.9831
2037,94,59,0.9866
2110,103,59,0.7514
2111,103,59,0.9518
2112,103,59,0.7574
2113,103,59,0.4228
2114,103,59,0.6872
2115,103,59,0.5417
2116,103,59,0.4977
2117,103,59,0.3215
2118,103,59,0.6612
2119,103,59,0.9661
1764,56,19,0.6369
1765,56,19,0.8947
1766,56,19,0.9755
1767,56,19,0.9728
1768,56,19,0.6624
1769,56,19,0.7283
1770,56,19,0.0400
1771,56,19,0.4118
1772,56,19,0.9027
1773,56,19,0.2568
2003,87,19,0.7455
2004,87,19,0.4479
2005,87,19,0.7389
2006,87,19,0.3545
2007,87,19,0.3791
2038,94,59,0.9898
2039,94,59,0.4081
2040,94,59,0.3929
2041,94,59,0.6108
2042,94,59,0.2233
2043,94,59,0.4721
2044,94,59,0.1730
2045,94,59,0.3869
2046,94,59,0.8985
2047,94,59,0.9406
2120,103,59,0.9422
2121,103,59,0.9421
2122,103,59,0.7756
2123,103,59,0.9678
2124,103,59,0.8532
2125,103,59,0.8179
2126,103,59,0.9794
2127,103,59,0.9377
2128,103,59,0.9803
2129,103,59,0.8004
2008,87,19,0.6917
2009,87,19,0.6807
2010,87,19,0.7648
2011,87,19,0.0526
2012,87,19,0.7101
2013,87,19,0.9467
2014,87,19,0.9302
2015,87,19,0.9704
2016,87,19,0.0158
2017,87,19,0.8417
2048,94,59,0.0247
2049,94,59,0.0673
2050,94,59,0.5659
2051,94,59,0.9082
2052,94,59,0.9597
2053,94,59,0.9801
2054,94,59,0.9845
2055,94,59,0.9853
2056,94,59,0.9356
2057,94,59,0.9851
2130,103,59,0.9635
2131,103,59,0.7025
2132,103,59,0.5179
2133,103,59,0.9665
2134,103,59,0.7630
2135,103,59,0.8360
2136,103,59,0.9667
2137,103,59,0.8002
2138,103,59,0.3806
2139,103,59,0.8301
2159,104,59,0.6902
2160,104,59,0.2937
2161,104,59,0.5952
2162,104,59,0.9088
2163,104,59,0.9321
2164,104,59,0.9830
2165,104,59,0.9859
2166,104,59,0.9867
2167,104,59,0.9858
2168,104,59,0.9865
2058,94,59,0.6038
2059,94,59,0.9727
2060,94,59,0.4775
2061,94,59,0.9023
2062,94,59,0.0564
2063,94,59,0.4735
2064,94,59,0.9737
2065,94,59,0.9830
2140,103,19,0.7527
2141,103,19,0.9609
2142,103,19,0.9675
2143,103,19,0.9829
2144,103,19,0.9227
2145,103,19,0.0415
2146,103,19,0.8056
2147,103,19,0.5675
2148,103,19,0.9770
2149,103,19,0.9808
2169,104,59,0.5332
2170,104,59,0.3493
2171,104,59,0.4507
2172,104,59,0.1030
2173,104,59,0.8806
2174,104,59,0.8922
2175,104,59,0.9525
2176,104,59,0.9822
2177,104,59,0.9843
2178,104,59,0.9851
2228,109,59,0.9608
2229,109,59,0.9620
2230,109,59,0.9641
2231,109,59,0.8216
2232,109,59,0.9785
2233,109,59,0.7230
2234,109,59,0.7815
2235,109,59,0.8328
2236,109,59,0.9268
2237,109,59,0.3488
2066,94,19,0.9494
2067,94,19,0.8287
2068,94,19,0.3702
2069,94,19,0.8707
2070,94,19,0.9717
2150,103,19,0.8858
2151,103,19,0.8834
2152,103,19,0.9704
2153,103,19,0.5945
2154,103,19,0.9764
2155,103,19,0.1230
2156,103,19,0.7155
2157,103,19,0.7780
2158,103,19,0.9670
2179,104,59,0.7215
2180,104,59,0.6857
2181,104,59,0.7051
2182,104,59,0.9409
2183,104,59,0.8290
2184,104,59,0.0820
2185,104,59,0.7747
2186,104,59,0.9781
2187,104,59,0.9807
2188,104,59,0.9869
2238,109,59,0.9609
2239,109,59,0.9328
2240,109,59,0.9804
2241,109,59,0.5277
2242,109,59,0.5387
2243,109,59,0.7388
2244,109,59,0.5302
2245,109,59,0.3888
2246,109,59,0.4230
2247,109,59,0.1027
2071,94,19,0.5340
2072,94,19,0.8276
2073,94,19,0.9699
2074,94,19,0.7294
2075,94,19,0.9646
2076,94,19,0.3844
2077,94,19,0.6043
2078,94,19,0.4025
2079,94,19,0.9552
2080,94,19,0.9483
2189,104,59,0.7746
2190,104,59,0.6696
2191,104,59,0.9515
2192,104,59,0.9518
2193,104,59,0.9585
2194,104,59,0.2311
2195,104,59,0.8696
2196,104,59,0.9733
2197,104,59,0.8619
2248,109,59,0.9255
2249,109,59,0.2109
2250,109,59,0.1791
2251,109,59,0.3212
2252,109,59,0.3129
2253,109,59,0.6974
2254,109,59,0.6705
2255,109,59,0.8714
2256,109,59,0.6170
2257,109,59,0.9632
2387,117,59,0.8901
2081,94,19,0.5581
2082,94,19,0.2866
2083,94,19,0.9198
2084,94,19,0.3171
2085,94,19,0.7202
2086,94,19,0.8612
2087,94,19,0.6853
2088,94,19,0.8473
2089,94,19,0.7816
2090,94,19,0.9636
2198,104,19,0.9499
2199,104,19,0.9752
2200,104,19,0.8075
2201,104,19,0.6728
2202,104,19,0.8941
2203,104,19,0.5415
2204,104,19,0.5939
2205,104,19,0.8887
2206,104,19,0.8167
2207,104,19,0.2366
2258,109,19,0.2837
2259,109,19,0.4152
2260,109,19,0.5793
2261,109,19,0.0308
2262,109,19,0.2461
2263,109,19,0.3577
2264,109,19,0.5033
2265,109,19,0.9522
2266,109,19,0.7633
2267,109,19,0.9697
2388,117,59,0.8311
2389,117,59,0.9539
2390,117,59,0.4191
2391,117,59,0.9455
2392,117,59,0.6614
2393,117,59,0.8977
2394,117,59,0.9795
2395,117,59,0.9022
2396,117,59,0.4660
2397,117,59,0.9681
2091,94,19,0.8171
2092,94,19,0.9811
2093,94,19,0.9790
2094,94,19,0.7638
2095,94,19,0.6501
2096,94,19,0.8240
2097,94,19,0.0338
2098,94,19,0.1216
2099,94,19,0.8089
2100,94,19,0.1464
2208,104,19,0.5927
2209,104,19,0.4752
2210,104,19,0.8434
2211,104,19,0.9409
2212,104,19,0.9760
2213,104,19,0.9824
2214,104,19,0.9844
2215,104,19,0.9619
2216,104,19,0.9854
2217,104,19,0.9864
2268,109,19,0.8494
2269,109,19,0.5569
2270,109,19,0.7190
2271,109,19,0.8370
2272,109,19,0.9704
2273,109,19,0.9848
2274,109,19,0.8852
2275,109,19,0.4504
2276,109,19,0.1798
2277,109,19,0.9718
2398,117,19,0.6605
2399,117,19,0.2060
2400,117,19,0.4540
2401,117,19,0.8587
2402,117,19,0.7530
2403,117,19,0.3531
2404,117,19,0.2025
2405,117,19,0.8148
2406,117,19,0.9239
2407,117,19,0.9713
2101,94,19,0.3133
2102,94,19,0.9723
2103,94,19,0.9834
2104,94,19,0.4011
2105,94,19,0.8272
2106,94,19,0.7002
2107,94,19,0.7133
2108,94,19,0.9359
2109,94,19,0.9761
2218,104,19,0.8866
2219,104,19,0.8563
2220,104,19,0.4411
2221,104,19,0.7587
2222,104,19,0.9693
2223,104,19,0.9051
2224,104,19,0.5342
2225,104,19,0.9712
2226,104,19,0.6004
2227,104,19,0.9781
2278,109,19,0.7427
2279,109,19,0.6283
2280,109,19,0.1501
2281,109,19,0.3807
2282,109,19,0.2964
2283,109,19,0.7272
2284,109,19,0.2137
2285,109,19,0.7054
2286,109,19,0.5256
2287,109,19,0.3722
2408,117,19,0.6884
2409,117,19,0.6473
2410,117,19,0.0804
2411,117,19,0.6666
2412,117,19,0.6609
2413,117,19,0.8686
2414,117,19,0.8907
2415,117,19,0.9431
2416,117,19,0.9816
2417,117,19,0.9860
2288,109,19,0.8365
2289,109,19,0.6815
2290,109,19,0.7044
2291,109,19,0.5646
2292,109,19,0.8062
2293,109,19,0.4858
2294,109,19,0.7628
2295,109,19,0.9005
2296,109,19,0.8610
2297,109,19,0.6374
2418,117,19,0.7476
2419,117,19,0.7499
2420,117,19,0.9491
2421,117,19,0.7557
2422,117,19,0.9219
2423,117,19,0.3164
2424,117,19,0.7326
2425,117,19,0.7082
2426,117,19,0.9586
2427,117,19,0.9254
2448,122,59,0.7742
2449,122,59,0.9475
2450,122,59,0.8514
2451,122,59,0.9358
2452,122,59,0.1835
2453,122,59,0.1850
2454,122,59,0.9008
2455,122,59,0.9795
2456,122,59,0.8486
2457,122,59,0.3395
2608,126,59,0.7778
2609,126,59,0.3884
2610,126,59,0.9314
2611,126,59,0.9634
2612,126,59,0.7248
2613,126,59,0.9659
2614,126,59,0.9219
2615,126,59,0.8780
2616,126,59,0.9070
2617,126,59,0.9761
2298,109,19,0.5203
2299,109,19,0.3815
2300,109,19,0.4481
2301,109,19,0.8893
2302,109,19,0.9061
2303,109,19,0.9738
2304,109,19,0.8960
2305,109,19,0.9780
2306,109,19,0.9842
2307,109,19,0.9471
2428,117,19,0.8554
2429,117,19,0.8924
2430,117,19,0.4400
2431,117,19,0.9709
2432,117,19,0.7982
2433,117,19,0.7126
2434,117,19,0.6857
2435,117,19,0.9552
2436,117,19,0.9739
2437,117,19,0.9795
2458,122,59,0.9776
2459,122,59,0.9241
2460,122,59,0.9550
2461,122,59,0.7614
2462,122,59,0.7354
2463,122,59,0.3920
2464,122,59,0.6958
2465,122,59,0.5970
2466,122,59,0.7214
2467,122,59,0.5248
2618,126,59,0.9776
2619,126,59,0.6281
2620,126,59,0.8095
2621,126,59,0.0867
2622,126,59,0.2734
2623,126,59,0.4362
2624,126,59,0.3891
2625,126,59,0.9504
2626,126,59,0.9745
2627,126,59,0.9832
2308,109,19,0.1592
2309,109,19,0.5551
2310,109,19,0.8907
2311,109,19,0.8679
2312,109,19,0.9769
2313,109,19,0.9816
2314,109,19,0.9755
2315,109,19,0.9838
2316,109,19,0.9853
2317,109,19,0.9836
2438,117,19,0.7548
2439,117,19,0.8558
2440,117,19,0.9442
2441,117,19,0.9066
2442,117,19,0.8801
2443,117,19,0.9704
2444,117,19,0.9742
2445,117,19,0.9849
2446,117,19,0.9864
2447,117,19,0.9535
2468,122,59,0.7896
2469,122,59,0.9129
2470,122,59,0.7454
2471,122,59,0.7775
2472,122,59,0.7973
2473,122,59,0.6159
2474,122,59,0.9304
2475,122,59,0.1461
2476,122,59,0.8455
2477,122,59,0.6615
2628,126,59,0.9636
2629,126,59,0.9628
2630,126,59,0.3465
2631,126,59,0.5352
2632,126,59,0.2817
2633,126,59,0.3459
2634,126,59,0.2979
2635,126,59,0.2156
2636,126,59,0.9120
2637,126,59,0.1350
2318,109,19,0.8497
2319,109,19,0.2322
2320,109,19,0.7480
2321,109,19,0.9301
2322,109,19,0.9680
2323,109,19,0.6418
2324,109,19,0.9698
2325,109,19,0.9858
2326,109,19,0.9870
2327,109,19,0.9895
2478,122,59,0.9476
2479,122,59,0.9014
2480,122,59,0.9614
2481,122,59,0.6024
2482,122,59,0.8935
2483,122,59,0.8167
2484,122,59,0.8474
2485,122,59,0.6824
2486,122,59,0.9655
2487,122,59,0.8761
2638,126,19,0.8512
2639,126,19,0.8019
2640,126,19,0.9704
2641,126,19,0.5971
2642,126,19,0.4987
2643,126,19,0.9542
2644,126,19,0.9688
2645,126,19,0.6346
2646,126,19,0.8356
2647,126,19,0.0911
3401,129,59,0.2939
3402,129,59,0.4394
3403,129,59,0.9649
3404,129,59,0.8743
3405,129,59,0.9592
3406,129,59,0.1178
3407,129,59,0.4550
3408,129,59,0.9664
3409,129,59,0.9165
2328,109,19,0.1986
2329,109,19,0.8665
2330,109,19,0.9691
2331,109,19,0.9790
2332,109,19,0.9731
2333,109,19,0.9815
2334,109,19,0.9888
2335,109,19,0.9891
2336,109,19,0.9908
2337,109,19,0.9917
2488,122,59,0.9500
2489,122,59,0.9753
2490,122,59,0.9692
2491,122,59,0.9724
2492,122,59,0.5062
2493,122,59,0.6555
2494,122,59,0.8148
2495,122,59,0.2346
2496,122,59,0.8025
2497,122,59,0.9661
2648,126,19,0.6567
2649,126,19,0.9725
2650,126,19,0.8728
2651,126,19,0.8562
2652,126,19,0.9683
2653,126,19,0.3096
2654,126,19,0.7052
2655,126,19,0.8944
2656,126,19,0.7861
2657,126,19,0.8863
3410,129,59,0.8189
3411,129,59,0.9687
3412,129,59,0.0888
3413,129,59,0.6950
3414,129,59,0.7195
3415,129,59,0.7559
3416,129,59,0.9632
3417,129,59,0.4238
3418,129,59,0.8894
3419,129,59,0.9021
2338,109,19,0.2731
2339,109,19,0.7609
2340,109,19,0.8482
2341,109,19,0.9200
2342,109,19,0.9432
2343,109,19,0.9572
2344,109,19,0.9808
2345,109,19,0.9815
2346,109,19,0.9853
2347,109,19,0.9899
2498,122,59,0.8251
2499,122,59,0.9535
2500,122,59,0.8907
2501,122,59,0.1471
2502,122,59,0.6922
2503,122,59,0.7274
2504,122,59,0.9656
2505,122,59,0.7395
2506,122,59,0.7992
2507,122,59,0.2822
2658,126,19,0.7477
2659,126,19,0.3771
2660,126,19,0.6430
2661,126,19,0.6486
2662,126,19,0.9483
2663,126,19,0.2563
2664,126,19,0.7847
2665,126,19,0.9661
2666,126,19,0.5034
2667,126,19,0.8409
3420,129,19,0.8670
3421,129,19,0.9031
3422,129,19,0.1313
3423,129,19,0.7098
3424,129,19,0.3332
3425,129,19,0.1356
2348,109,19,0.5870
2349,109,19,0.4367
2350,109,19,0.8519
2351,109,19,0.9464
2352,109,19,0.9691
2353,109,19,0.9885
2354,109,19,0.9898
2355,109,19,0.9872
2356,109,19,0.9870
2357,109,19,0.9902
2508,122,59,0.8309
2509,122,59,0.9160
2510,122,59,0.9362
2511,122,59,0.6615
2512,122,59,0.5280
2513,122,59,0.9610
2514,122,59,0.4099
2515,122,59,0.9386
2516,122,59,0.7993
2517,122,59,0.9005
2668,126,19,0.5974
2669,126,19,0.8531
2670,126,19,0.6746
2671,126,19,0.6741
2672,126,19,0.1745
3426,129,19,0.7818
3427,129,19,0.6699
3428,129,19,0.8087
3429,129,19,0.9666
3430,129,19,0.8424
3431,129,19,0.6169
3432,129,19,0.9764
3433,129,19,0.7049
3434,129,19,0.5501
3435,129,19,0.4966
2358,109,19,0.5738
2359,109,19,0.7819
2360,109,19,0.8616
2361,109,19,0.9017
2362,109,19,0.9456
2363,109,19,0.9805
2364,109,19,0.9369
2365,109,19,0.9818
2366,109,19,0.9842
2367,109,19,0.9859
2518,122,19,0.5381
2519,122,19,0.3093
2520,122,19,0.5210
2521,122,19,0.6235
2522,122,19,0.2438
2523,122,19,0.7118
2524,122,19,0.6231
2525,122,19,0.1646
2526,122,19,0.2166
2527,122,19,0.5856
2673,126,19,0.8341
2674,126,19,0.9680
2675,126,19,0.6449
2676,126,19,0.7696
2677,126,19,0.5839
2678,126,19,0.7746
2679,126,19,0.6031
2680,126,19,0.4109
2681,126,19,0.8421
2682,126,19,0.6862
3436,131,59,0.7341
3437,131,59,0.6013
3438,131,59,0.9720
3439,131,59,0.9300
3440,131,59,0.6051
3441,131,59,0.7984
3442,131,59,0.9660
3443,131,59,0.7087
3444,131,59,0.9776
3445,131,59,0.6650
2368,109,19,0.9107
2369,109,19,0.7660
2370,109,19,0.8501
2371,109,19,0.9594
2372,109,19,0.9687
2373,109,19,0.9249
2374,109,19,0.9876
2375,109,19,0.9678
2376,109,19,0.9911
2377,109,19,0.9901
2528,122,19,0.9483
2529,122,19,0.1863
2530,122,19,0.6904
2531,122,19,0.8633
2532,122,19,0.2782
2533,122,19,0.4423
2534,122,19,0.7043
2535,122,19,0.9736
2536,122,19,0.0535
2537,122,19,0.8138
2683,126,19,0.5960
2684,126,19,0.2370
2685,126,19,0.5780
3446,131,19,0.5196
3447,131,19,0.3035
3448,131,19,0.8942
3449,131,19,0.6751
3450,131,19,0.6881
2378,109,19,0.8468
2379,109,19,0.5219
2380,109,19,0.7572
2381,109,19,0.2782
2382,109,19,0.9717
2383,109,19,0.9664
2384,109,19,0.2984
2385,109,19,0.2061
2386,109,19,0.5705
2538,122,19,0.6620
2539,122,19,0.8359
2540,122,19,0.7860
2541,122,19,0.3369
2542,122,19,0.2554
2543,122,19,0.9383
2544,122,19,0.7977
2545,122,19,0.7055
2546,122,19,0.6289
2547,122,19,0.5801
2686,126,19,0.5022
2687,126,19,0.9531
2688,126,19,0.8840
2689,126,19,0.9827
2690,126,19,0.4665
2691,126,19,0.7476
2692,126,19,0.4876
2693,126,19,0.0850
2694,126,19,0.8950
2695,126,19,0.6942
3451,131,19,0.2564
3452,131,19,0.1181
3453,131,19,0.3893
3454,131,19,0.9123
3455,131,19,0.9686
3456,131,19,0.9811
3457,131,19,0.8393
3458,131,19,0.9658
3459,131,19,0.9814
3460,131,19,0.9840
2548,122,19,0.8167
2549,122,19,0.7171
2550,122,19,0.6089
2551,122,19,0.6313
2696,126,19,0.6180
2697,126,19,0.7542
2698,126,19,0.8862
2699,126,19,0.8356
3461,131,19,0.7247
3462,131,19,0.5855
3463,131,19,0.3294
3464,131,19,0.5637
3465,131,19,0.3917
3466,131,19,0.9008
3467,131,19,0.0323
3556,136,59,0.7032
3557,136,59,0.4817
2552,122,19,0.8899
2553,122,19,0.8548
2554,122,19,0.8259
2555,122,19,0.9007
2556,122,19,0.7233
2557,122,19,0.2746
2558,122,19,0.8335
2559,122,19,0.8691
2560,122,19,0.8329
2561,122,19,0.4295
2700,126,19,0.8624
2701,126,19,0.7939
2702,126,19,0.6474
2703,126,19,0.9738
2704,126,19,0.4906
2705,126,19,0.8415
2706,126,19,0.4155
2707,126,19,0.9421
2708,126,19,0.8846
2709,126,19,0.1247
3468,131,19,0.9207
3469,131,19,0.8238
3470,131,19,0.6269
3471,131,19,0.9668
3472,131,19,0.6501
3473,131,19,0.4686
3474,131,19,0.0880
3558,136,59,0.9233
3559,136,59,0.9677
3560,136,59,0.9442
3561,136,59,0.7222
3562,136,59,0.9397
3563,136,59,0.1941
3564,136,59,0.9711
3565,136,59,0.8607
3566,136,59,0.1328
3567,136,59,0.1288
2562,122,19,0.3420
2563,122,19,0.6562
2564,122,19,0.2703
2565,122,19,0.7215
2566,122,19,0.8382
2567,122,19,0.2492
2568,122,19,0.7605
2710,126,19,0.9107
2711,126,19,0.9742
2712,126,19,0.7949
2713,126,19,0.5956
2714,126,19,0.9432
2715,126,19,0.9460
2716,126,19,0.8291
2717,126,19,0.8852
2718,126,19,0.4203
2719,126,19,0.7932
3475,131,19,0.5828
3476,131,19,0.8419
3477,131,19,0.9626
3478,131,19,0.3053
3479,131,19,0.3799
3480,131,19,0.9024
3481,131,19,0.9489
3482,131,19,0.9563
3483,131,19,0.9666
3484,131,19,0.7492
3568,136,59,0.6596
3569,136,59,0.9846
3570,136,59,0.9731
3571,136,59,0.5142
3572,136,59,0.6266
3573,136,59,0.6978
3574,136,59,0.6349
3575,136,59,0.2292
2569,122,19,0.8705
2570,122,19,0.2092
2571,122,19,0.7531
2572,122,19,0.4519
2573,122,19,0.3878
2574,122,19,0.3993
2575,122,19,0.5470
2576,122,19,0.6877
2577,122,19,0.6065
2578,122,19,0.2598
2720,126,19,0.8906
2721,126,19,0.3763
2722,126,19,0.3254
2723,126,19,0.9749
2724,126,19,0.3009
2725,126,19,0.4992
2726,126,19,0.1790
2727,126,19,0.8686
2728,126,19,0.9548
2729,126,19,0.9737
3485,131,19,0.2219
3486,131,19,0.3839
3487,131,19,0.1001
3576,136,59,0.4311
3577,136,59,0.9440
2579,122,19,0.9548
2580,122,19,0.9688
2581,122,19,0.9448
2582,122,19,0.3872
2583,122,19,0.6732
2584,122,19,0.9212
2585,122,19,0.9353
2586,122,19,0.9762
2587,122,19,0.6161
2588,122,19,0.9806
2730,126,19,0.8367
2731,126,19,0.8366
2732,126,19,0.9752
2733,126,19,0.5417
2734,126,19,0.9781
2735,126,19,0.7681
2736,126,19,0.8024
2737,126,19,0.9706
2738,126,19,0.9230
2739,126,19,0.2996
3488,131,19,0.6451
3489,131,19,0.2343
3490,131,19,0.4616
3491,131,19,0.8189
3492,131,19,0.7095
3493,131,19,0.9532
3494,131,19,0.8908
3578,136,59,0.9118
3579,136,59,0.9702
3580,136,59,0.5873
3581,136,59,0.9795
3582,136,59,0.6504
3583,136,59,0.2588
3584,136,59,0.8625
3585,136,59,0.6627
3586,136,59,0.8936
3587,136,59,0.2446
2589,122,19,0.5505
2590,122,19,0.7623
2740,126,19,0.4473
2741,126,19,0.2524
2742,126,19,0.5888
2743,126,19,0.5058
2744,126,19,0.7557
2745,126,19,0.7409
2746,126,19,0.7812
2747,126,19,0.1285
2748,126,19,0.2096
2749,126,19,0.3610
3495,131,19,0.6052
3496,131,19,0.8481
3497,131,19,0.5883
3498,131,19,0.7521
3499,131,19,0.4215
3588,136,59,0.6740
3589,136,59,0.4355
2591,122,19,0.9231
2592,122,19,0.6893
2593,122,19,0.8467
2594,122,19,0.8998
2595,122,19,0.7161
2596,122,19,0.9353
2597,122,19,0.4993
2750,126,19,0.8283
2751,126,19,0.5595
2752,126,19,0.4059
2753,126,19,0.7555
2754,126,19,0.5203
2755,126,19,0.1757
2756,126,19,0.6339
2757,126,19,0.9163
2758,126,19,0.9667
2759,126,19,0.9473
3500,131,19,0.7824
3501,131,19,0.6099
3502,131,19,0.1993
3503,131,19,0.5875
3504,131,19,0.6392
3505,131,19,0.6739
3590,136,59,0.8377
3591,136,59,0.9629
3592,136,59,0.9492
3593,136,59,0.7814
3594,136,59,0.5451
3595,136,59,0.8985
3596,136,59,0.9035
3597,136,59,0.7666
3598,136,59,0.6152
3599,136,59,0.9756
2598,122,19,0.9483
2599,122,19,0.1651
2600,122,19,0.6485
2601,122,19,0.9480
2602,122,19,0.7477
2603,122,19,0.9646
2604,122,19,0.6794
2605,122,19,0.9788
2606,122,19,0.8665
2607,122,19,0.9703
2760,126,19,0.8463
2761,126,19,0.6359
2762,126,19,0.6786
2763,126,19,0.8991
2764,126,19,0.9796
2765,126,19,0.5889
2766,126,19,0.3154
2767,126,19,0.8190
2768,126,19,0.8126
2769,126,19,0.5361
3506,131,19,0.7667
3507,131,19,0.6705
3508,131,19,0.8532
3509,131,19,0.1443
3510,131,19,0.9401
3511,131,19,0.6500
3512,131,19,0.4646
3513,131,19,0.4751
3600,136,19,0.7903
3601,136,19,0.6218
3602,136,19,0.6580
2770,126,19,0.5524
2771,126,19,0.6769
2772,126,19,0.7766
2773,126,19,0.6870
2774,126,19,0.3872
2775,126,19,0.5792
2776,126,19,0.6157
2777,126,19,0.6116
2778,126,19,0.6967
2779,126,19,0.8890
3514,131,19,0.9357
3515,131,19,0.3516
3516,131,19,0.3634
3603,136,19,0.5585
3604,136,19,0.4756
3671,137,59,0.9603
3672,137,59,0.7294
3673,137,59,0.9722
3674,137,59,0.7232
3675,137,59,0.8631
3676,137,59,0.0544
3677,137,59,0.3024
3678,137,59,0.7231
3679,137,59,0.7030
3680,137,59,0.9430
2780,126,19,0.7728
2781,126,19,0.1563
2782,126,19,0.8957
2783,126,19,0.8051
2784,126,19,0.3750
2785,126,19,0.7581
2786,126,19,0.5531
2787,126,19,0.7963
2788,126,19,0.9289
2789,126,19,0.7467
3517,131,19,0.1934
3518,131,19,0.7535
3605,136,19,0.9533
3606,136,19,0.9679
3607,136,19,0.9762
3608,136,19,0.9687
3609,136,19,0.9846
3610,136,19,0.9810
3611,136,19,0.9787
3612,136,19,0.9809
3613,136,19,0.9839
3614,136,19,0.2697
3681,137,59,0.8029
3682,137,59,0.9885
3683,137,59,0.7284
3684,137,59,0.7756
3685,137,59,0.7585
3686,137,59,0.7532
3687,137,59,0.9676
3688,137,59,0.7383
2790,126,19,0.9052
2791,126,19,0.2693
2792,126,19,0.6408
2793,126,19,0.3599
2794,126,19,0.4560
2795,126,19,0.9131
2796,126,19,0.7725
2797,126,19,0.6708
2798,126,19,0.8427
2799,126,19,0.9245
3519,131,19,0.9000
3520,131,19,0.5494
3521,131,19,0.7232
3522,131,19,0.9434
3523,131,19,0.6474
3524,131,19,0.5967
3615,136,19,0.9035
3616,136,19,0.9707
3617,136,19,0.8908
3618,136,19,0.9053
3619,136,19,0.5407
3620,136,19,0.9583
3621,136,19,0.9791
3622,136,19,0.7947
3689,137,19,0.8083
3690,137,19,0.9721
3691,137,19,0.4677
3692,137,19,0.8332
3693,137,19,0.7786
3694,137,19,0.6176
3695,137,19,0.8550
3696,137,19,0.7948
3697,137,19,0.6020
3698,137,19,0.6001
2800,126,19,0.3611
2801,126,19,0.2963
2802,126,19,0.2794
2803,126,19,0.6930
2804,126,19,0.9372
2805,126,19,0.9740
2806,126,19,0.9824
2807,126,19,0.9832
2808,126,19,0.9782
2809,126,19,0.9857
3525,131,19,0.5772
3526,131,19,0.8331
3527,131,19,0.5454
3528,131,19,0.6735
3529,131,19,0.9068
3530,131,19,0.5436
3531,131,19,0.2496
3623,136,19,0.7282
3624,136,19,0.9664
3625,136,19,0.9665
3626,136,19,0.9825
3627,136,19,0.6442
3628,136,19,0.8274
3629,136,19,0.5463
3630,136,19,0.5787
3631,136,19,0.0613
3699,137,19,0.5910
3700,137,19,0.7918
2810,126,19,0.9770
2811,126,19,0.6444
2812,126,19,0.8950
2813,126,19,0.9358
2814,126,19,0.8333
2815,126,19,0.9793
2816,126,19,0.6180
2817,126,19,0.6341
2818,126,19,0.8190
2819,126,19,0.9675
3532,131,19,0.3918
3533,131,19,0.3249
3534,131,19,0.3508
3535,131,19,0.2849
3632,136,19,0.7950
3633,136,19,0.4167
3634,136,19,0.9669
3635,136,19,0.7679
3636,136,19,0.9752
3637,136,19,0.9837
3638,136,19,0.6894
3639,136,19,0.8392
3640,136,19,0.7129
3641,136,19,0.7891
3701,137,19,0.7841
3702,137,19,0.8387
3703,137,19,0.4816
2820,126,19,0.9134
2821,126,19,0.9490
2822,126,19,0.9202
2823,126,19,0.1678
2824,126,19,0.4393
2825,126,19,0.7304
2826,126,19,0.9462
2827,126,19,0.9729
2828,126,19,0.9464
2829,126,19,0.9738
3536,131,19,0.8967
3537,131,19,0.9710
3538,131,19,0.9790
3539,131,19,0.9699
3540,131,19,0.9697
3541,131,19,0.9819
3542,131,19,0.9827
3543,131,19,0.5670
3544,131,19,0.2595
3545,131,19,0.7685
3642,136,19,0.6548
3643,136,19,0.2536
3644,136,19,0.7137
3704,137,19,0.7288
3705,137,19,0.6916
3706,137,19,0.1176
2830,126,19,0.8967
2831,126,19,0.6030
2832,126,19,0.8565
2833,126,19,0.9175
2834,126,19,0.5897
2835,126,19,0.8865
2836,126,19,0.9611
2837,126,19,0.8724
2838,126,19,0.9213
2839,126,19,0.9795
3546,131,19,0.0499
3547,131,19,0.5377
3548,131,19,0.8352
3549,131,19,0.9785
3550,131,19,0.9774
3551,131,19,0.9877
3552,131,19,0.9909
3553,131,19,0.9896
3554,131,19,0.9894
3555,131,19,0.9914
3645,136,19,0.7520
3646,136,19,0.8119
3647,136,19,0.9701
3648,136,19,0.9782
3649,136,19,0.9816
3650,136,19,0.8781
3651,136,19,0.3251
3652,136,19,0.3766
3653,136,19,0.7809
3654,136,19,0.7821
3707,137,19,0.9608
3708,137,19,0.3705
3709,137,19,0.5148
2840,126,19,0.2667
2841,126,19,0.4141
2842,126,19,0.4071
2843,126,19,0.8202
2844,126,19,0.9052
2845,126,19,0.8345
2846,126,19,0.9625
2847,126,19,0.9811
2848,126,19,0.9859
2849,126,19,0.9816
3655,136,19,0.7221
3656,136,19,0.8222
3657,136,19,0.8489
3658,136,19,0.9681
3659,136,19,0.7668
3660,136,19,0.3357
3661,136,19,0.2914
3710,137,19,0.8024
3711,137,19,0.6076
3712,137,19,0.4992
3713,137,19,0.7048
3714,137,19,0.9073
3715,137,19,0.9767
3716,137,19,0.9809
3717,137,19,0.9854
3718,137,19,0.9524
3719,137,19,0.4891
3858,149,59,0.9747
3859,149,59,0.8183
3860,149,59,0.2843
3861,149,59,0.3287
3862,149,59,0.9696
3863,149,59,0.6456
3864,149,59,0.2314
3865,149,59,0.2071
3866,149,59,0.8836
3867,149,59,0.8692
2850,126,19,0.8467
2851,126,19,0.4878
2852,126,19,0.8651
2853,126,19,0.6198
2854,126,19,0.5965
2855,126,19,0.8876
2856,126,19,0.5678
2857,126,19,0.6772
2858,126,19,0.8773
2859,126,19,0.7911
3662,136,19,0.8965
3663,136,19,0.9814
3664,136,19,0.9651
3665,136,19,0.9752
3666,136,19,0.9838
3667,136,19,0.6605
3668,136,19,0.7045
3669,136,19,0.1696
3670,136,19,0.6716
3720,137,19,0.8633
3721,137,19,0.6104
3722,137,19,0.4189
3723,137,19,0.9571
3724,137,19,0.7373
3725,137,19,0.8845
3726,137,19,0.7986
3868,149,59,0.9561
3869,149,59,0.2673
3870,149,59,0.8063
3871,149,59,0.9069
3872,149,59,0.8599
3873,149,59,0.8824
3874,149,59,0.6630
3875,149,59,0.9128
3876,149,59,0.7849
3877,149,59,0.8803
2860,126,19,0.7163
2861,126,19,0.8876
2862,126,19,0.7869
2863,126,19,0.9673
2864,126,19,0.9222
2865,126,19,0.7536
2866,126,19,0.7917
2867,126,19,0.3819
2868,126,19,0.1173
2869,126,19,0.6140
3727,137,19,0.6403
3728,137,19,0.6728
3729,137,19,0.9410
3730,137,19,0.9348
3731,137,19,0.9111
3732,137,19,0.9584
3733,137,19,0.5211
3734,137,19,0.7512
3878,149,59,0.8149
3879,149,59,0.6095
3880,149,59,0.9690
3881,149,59,0.9803
3882,149,59,0.9787
3883,149,59,0.8614
3884,149,59,0.7420
3885,149,59,0.2588
3886,149,59,0.9745
3887,149,59,0.9479
3938,160,59,0.5843
3939,160,59,0.7405
3940,160,59,0.8460
3941,160,59,0.9628
3942,160,59,0.7090
3943,160,59,0.6533
3944,160,59,0.6014
3945,160,59,0.9732
3946,160,59,0.9762
3947,160,59,0.8758
2870,126,19,0.2885
2871,126,19,0.3227
2872,126,19,0.3914
2873,126,19,0.7324
2874,126,19,0.8041
2875,126,19,0.9416
2876,126,19,0.9311
2877,126,19,0.9715
2878,126,19,0.9816
2879,126,19,0.9843
3735,137,19,0.8418
3736,137,19,0.3741
3737,137,19,0.6375
3888,149,19,0.7086
3889,149,19,0.1448
3890,149,19,0.7347
3891,149,19,0.9020
3892,149,19,0.8672
3893,149,19,0.9618
3894,149,19,0.7527
3895,149,19,0.9432
3896,149,19,0.7872
3897,149,19,0.1706
3948,160,19,0.4789
3949,160,19,0.7499
2880,126,19,0.1062
2881,126,19,0.3626
2882,126,19,0.6282
2883,126,19,0.7058
2884,126,19,0.9403
2885,126,19,0.9767
2886,126,19,0.9808
2887,126,19,0.8946
2888,126,19,0.9841
2889,126,19,0.9862
3738,137,19,0.7425
3739,137,19,0.5782
3740,137,19,0.8384
3741,137,19,0.2624
3898,149,19,0.7729
3899,149,19,0.3224
3900,149,19,0.6843
3901,149,19,0.4504
3902,149,19,0.8791
3903,149,19,0.9732
3904,149,19,0.9779
3905,149,19,0.9877
3906,149,19,0.9907
3907,149,19,0.9904
3950,160,19,0.7991
3951,160,19,0.7243
3952,160,19,0.2952
3953,160,19,0.6571
3954,160,19,0.5251
3955,160,19,0.5719
3956,160,19,0.2881
3957,160,19,0.2472
3958,160,19,0.6921
3959,160,19,0.5397
2890,126,19,0.4750
2891,126,19,0.9416
2892,126,19,0.8072
2893,126,19,0.4146
2894,126,19,0.6793
2895,126,19,0.4315
2896,126,19,0.1371
2897,126,19,0.7566
2898,126,19,0.3542
2899,126,19,0.8506
3742,137,19,0.7536
3743,137,19,0.7159
3908,149,19,0.7998
3909,149,19,0.2297
3910,149,19,0.5439
3911,149,19,0.3960
3912,149,19,0.9160
3913,149,19,0.2862
3914,149,19,0.7171
3915,149,19,0.9657
3916,149,19,0.7951
3917,149,19,0.7295
3960,160,19,0.6842
3961,160,19,0.4251
3962,160,19,0.6704
2900,126,19,0.8002
2901,126,19,0.6733
2902,126,19,0.7583
2903,126,19,0.9588
2904,126,19,0.9563
2905,126,19,0.8374
2906,126,19,0.0849
2907,126,19,0.2697
2908,126,19,0.3141
2909,126,19,0.1970
3744,137,19,0.2291
3745,137,19,0.6891
3918,149,19,0.8566
3919,149,19,0.9421
3920,149,19,0.9746
3921,149,19,0.8022
3922,149,19,0.0281
3923,149,19,0.9174
3924,149,19,0.7834
3925,149,19,0.9693
3926,149,19,0.9783
3927,149,19,0.8770
3963,160,19,0.8450
3964,160,19,0.9618
3965,160,19,0.3330
3966,160,19,0.9604
3967,160,19,0.3702
3968,160,19,0.8018
3969,160,19,0.9561
3970,160,19,0.9787
3971,160,19,0.9838
3972,160,19,0.9869
2910,126,19,0.4735
2911,126,19,0.9317
2912,126,19,0.5008
2913,126,19,0.5715
2914,126,19,0.2677
2915,126,19,0.3416
2916,126,19,0.7548
2917,126,19,0.9093
2918,126,19,0.8170
2919,126,19,0.9026
3746,137,19,0.4961
3747,137,19,0.4932
3928,149,19,0.4980
3929,149,19,0.7141
3930,149,19,0.8328
3931,149,19,0.8353
3932,149,19,0.9669
3933,149,19,0.9866
3934,149,19,0.9902
3935,149,19,0.9874
3936,149,19,0.9919
3937,149,19,0.9915
3973,160,19,0.7614
3974,160,19,0.4020
3975,160,19,0.9305
3976,160,19,0.9384
3977,160,19,0.9642
3978,160,19,0.9602
3979,160,19,0.0779
3980,160,19,0.4896
3981,160,19,0.8362
3982,160,19,0.9192
2920,126,19,0.4327
2921,126,19,0.5807
2922,126,19,0.5047
2923,126,19,0.6898
2924,126,19,0.6244
2925,126,19,0.4766
2926,126,19,0.4423
2927,126,19,0.8600
2928,126,19,0.2386
2929,126,19,0.3001
3748,137,19,0.7747
3749,137,19,0.6866
3750,137,19,0.1934
3983,160,19,0.5178
3984,160,19,0.7016
4000,161,59,0.6215
4001,161,59,0.8968
4002,161,59,0.8112
4003,161,59,0.2710
4004,161,59,0.8302
4005,161,59,0.2705
4006,161,59,0.9354
4007,161,59,0.9791
4008,161,59,0.9819
4009,161,59,0.9676
2930,126,19,0.8270
2931,126,19,0.0612
2932,126,19,0.6604
2933,126,19,0.9654
2934,126,19,0.9484
2935,126,19,0.9821
2936,126,19,0.9865
2937,126,19,0.9849
2938,126,19,0.9874
2939,126,19,0.9876
3751,137,19,0.7314
3752,137,19,0.7114
3753,137,19,0.9283
3754,137,19,0.7090
3755,137,19,0.4082
3756,137,19,0.6514
3985,160,19,0.6588
3986,160,19,0.6335
4010,161,19,0.8899
4011,161,19,0.9673
4012,161,19,0.7018
4013,161,19,0.9557
4014,161,19,0.1720
4015,161,19,0.5115
4016,161,19,0.4074
4017,161,19,0.3614
4018,161,19,0.8128
4019,161,19,0.9641
2940,126,19,0.0417
2941,126,19,0.3277
2942,126,19,0.5674
2943,126,19,0.6965
2944,126,19,0.7798
2945,126,19,0.9203
2946,126,19,0.8147
2947,126,19,0.9352
2948,126,19,0.5924
2949,126,19,0.8396
3757,137,19,0.3549
3758,137,19,0.7481
3987,160,19,0.7156
3988,160,19,0.7427
4020,161,19,0.8302
4021,161,19,0.7375
4022,161,19,0.5926
4023,161,19,0.4792
4024,161,19,0.7602
4025,161,19,0.9512
4026,161,19,0.6029
4027,161,19,0.4877
4028,161,19,0.8038
4029,161,19,0.9700
2950,126,19,0.7258
2951,126,19,0.6403
2952,126,19,0.7589
2953,126,19,0.6765
2954,126,19,0.6667
2955,126,19,0.9359
2956,126,19,0.9694
2957,126,19,0.9786
2958,126,19,0.9835
2959,126,19,0.9876
3759,137,19,0.8195
3760,137,19,0.7206
3761,137,19,0.2317
3989,160,19,0.5386
3990,160,19,0.4875
4030,161,19,0.9637
4031,161,19,0.6727
4032,161,19,0.4233
4033,161,19,0.7731
4034,161,19,0.6677
4035,161,19,0.2328
4036,161,19,0.8968
4037,161,19,0.9629
4038,161,19,0.9794
4039,161,19,0.9838
2960,126,19,0.7470
2961,126,19,0.9696
2962,126,19,0.9788
2963,126,19,0.3627
2964,126,19,0.6712
2965,126,19,0.7773
2966,126,19,0.9602
2967,126,19,0.2610
2968,126,19,0.8704
2969,126,19,0.9725
3762,137,19,0.8342
3763,137,19,0.1437
3764,137,19,0.4357
3765,137,19,0.7054
3991,160,19,0.6404
3992,160,19,0.8195
3993,160,19,0.9759
3994,160,19,0.2284
3995,160,19,0.9716
3996,160,19,0.9072
3997,160,19,0.9801
3998,160,19,0.7699
3999,160,19,0.9685
4040,161,19,0.6455
4041,161,19,0.2433
4042,161,19,0.7946
4043,161,19,0.9307
4044,161,19,0.8239
4045,161,19,0.8019
4046,161,19,0.2411
4047,161,19,0.9147
4048,161,19,0.7008
4049,161,19,0.8026
2970,126,19,0.4599
2971,126,19,0.3879
2972,126,19,0.5021
2973,126,19,0.6391
2974,126,19,0.9494
2975,126,19,0.9731
2976,126,19,0.9592
2977,126,19,0.9835
2978,126,19,0.9769
2979,126,19,0.9462
3766,137,19,0.7871
3767,137,19,0.7391
4050,161,19,0.8079
4051,161,19,0.8045
4052,161,19,0.5980
4053,161,19,0.8337
4054,161,19,0.9308
4055,161,19,0.3477
4056,161,19,0.5459
4057,161,19,0.5204
4058,161,19,0.4853
4059,161,19,0.6715
4471,164,59,0.3952
4472,164,59,0.9300
2980,126,19,0.1664
2981,126,19,0.8627
2982,126,19,0.6452
2983,126,19,0.3773
2984,126,19,0.8152
2985,126,19,0.9754
2986,126,19,0.9609
2987,126,19,0.9836
2988,126,19,0.9865
2989,126,19,0.9870
3768,137,19,0.8102
3769,137,19,0.9081
3770,137,19,0.9747
3771,137,19,0.7696
3772,137,19,0.8632
3773,137,19,0.9770
3774,137,19,0.3046
3775,137,19,0.7766
4060,161,19,0.6176
4061,161,19,0.6562
4062,161,19,0.3482
4063,161,19,0.7907
4064,161,19,0.9502
4065,161,19,0.9802
4066,161,19,0.9813
4067,161,19,0.9916
4068,161,19,0.9912
4069,161,19,0.9906
4473,164,59,0.1642
4474,164,59,0.9222
2990,126,19,0.5499
2991,126,19,0.3067
2992,126,19,0.9660
2993,126,19,0.3280
2994,126,19,0.8408
2995,126,19,0.9177
2996,126,19,0.9744
2997,126,19,0.9872
2998,126,19,0.9913
2999,126,19,0.9827
3776,137,19,0.5711
3777,137,19,0.4067
4070,161,19,0.3662
4071,161,19,0.8969
4072,161,19,0.8293
4073,161,19,0.9715
4074,161,19,0.9695
4075,161,19,0.9754
4076,161,19,0.6599
4077,161,19,0.7816
4078,161,19,0.6247
4079,161,19,0.9370
4475,164,59,0.8726
4476,164,59,0.9743
4477,164,59,0.7490
4478,164,59,0.7590
4479,164,59,0.6781
4480,164,59,0.6832
4481,164,59,0.7841
4482,164,59,0.8128
4483,164,59,0.8658
4484,164,59,0.9553
3000,126,19,0.8321
3001,126,19,0.6722
3002,126,19,0.3835
3003,126,19,0.9636
3004,126,19,0.4266
3005,126,19,0.5246
3006,126,19,0.6759
3007,126,19,0.7560
3008,126,19,0.9585
3009,126,19,0.9853
3778,137,19,0.4290
3779,137,19,0.8966
3780,137,19,0.9783
3781,137,19,0.5780
3782,137,19,0.7962
3783,137,19,0.7476
3784,137,19,0.9082
3785,137,19,0.3408
3786,137,19,0.5486
3787,137,19,0.3174
4080,161,19,0.9685
4081,161,19,0.3406
4082,161,19,0.6563
4083,161,19,0.5937
4084,161,19,0.8081
4085,161,19,0.4206
4086,161,19,0.6561
4087,161,19,0.6999
4088,161,19,0.7827
4089,161,19,0.7874
4485,164,59,0.8875
4486,164,59,0.8222
4487,164,59,0.8482
3010,126,19,0.5634
3011,126,19,0.2035
3012,126,19,0.6014
3013,126,19,0.9460
3014,126,19,0.7518
3015,126,19,0.1924
3016,126,19,0.2429
3017,126,19,0.7722
3018,126,19,0.5843
3019,126,19,0.7495
3788,137,19,0.6130
3789,137,19,0.9701
3790,137,19,0.2983
4090,161,19,0.8131
4091,161,19,0.7038
4092,161,19,0.7931
4093,161,19,0.1762
4094,161,19,0.8132
4095,161,19,0.9140
4096,161,19,0.9643
4097,161,19,0.9777
4098,161,19,0.9840
4099,161,19,0.9747
4488,164,59,0.8203
4489,164,59,0.8920
4490,164,59,0.7519
4491,164,59,0.9650
4492,164,59,0.5341
4493,164,59,0.9732
4494,164,59,0.0204
4495,164,59,0.8153
4496,164,59,0.7586
3020,126,59,0.9699
3021,126,59,0.8482
3022,126,59,0.9444
3023,126,59,0.9136
3024,126,59,0.9218
3025,126,59,0.7403
3026,126,59,0.8420
3027,126,59,0.1182
3028,126,59,0.6613
3029,126,59,0.9421
3791,137,19,0.6409
3792,137,19,0.6560
4100,161,19,0.2110
4101,161,19,0.7321
4102,161,19,0.2593
4103,161,19,0.8077
4104,161,19,0.9506
4105,161,19,0.9795
4106,161,19,0.9834
4107,161,19,0.9878
4108,161,19,0.9865
4109,161,19,0.0086
4497,164,19,0.7504
4498,164,19,0.2701
4499,164,19,0.6162
4500,164,19,0.5748
4501,164,19,0.5497
4502,164,19,0.3918
3030,126,59,0.9277
3031,126,59,0.7141
3032,126,59,0.9700
3033,126,59,0.6983
3034,126,59,0.9720
3035,126,59,0.2141
3036,126,59,0.9579
3037,126,59,0.9039
3038,126,59,0.9078
3039,126,59,0.9781
3793,137,19,0.8013
3794,137,19,0.9089
3795,137,19,0.8238
4110,161,19,0.3325
4111,161,19,0.6479
4112,161,19,0.5032
4113,161,19,0.8463
4114,161,19,0.9674
4115,161,19,0.9704
4116,161,19,0.9716
4117,161,19,0.9812
4118,161,19,0.9888
4119,161,19,0.9893
4503,164,19,0.7091
4504,164,19,0.7783
4505,164,19,0.5996
4506,164,19,0.5325
3040,126,59,0.4587
3041,126,59,0.8948
3042,126,59,0.9690
3043,126,59,0.9650
3044,126,59,0.8961
3045,126,59,0.4048
3046,126,59,0.3379
3047,126,59,0.8630
3048,126,59,0.7826
3049,126,59,0.6929
3796,137,19,0.3371
3797,137,19,0.6925
4120,161,19,0.9857
4121,161,19,0.9043
4122,161,19,0.8641
4123,161,19,0.7867
4124,161,19,0.2565
4125,161,19,0.2602
4126,161,19,0.4236
4127,161,19,0.8667
4128,161,19,0.9460
4129,161,19,0.9260
4507,164,19,0.8348
4508,164,19,0.9775
4509,164,19,0.1143
4510,164,19,0.2772
4511,164,19,0.9335
4512,164,19,0.6420
4513,164,19,0.5114
4514,164,19,0.4469
4515,164,19,0.7201
4516,164,19,0.7844
3050,126,59,0.9567
3051,126,59,0.7900
3052,126,59,0.8408
3053,126,59,0.8485
3054,126,59,0.7346
3055,126,59,0.0980
3056,126,59,0.7908
3057,126,59,0.9546
3058,126,59,0.3420
3059,126,59,0.9575
3798,137,19,0.9383
3799,137,19,0.5761
3800,137,19,0.1940
4130,161,19,0.8882
4131,161,19,0.2713
4132,161,19,0.6060
4133,161,19,0.2944
4134,161,19,0.7856
4135,161,19,0.9521
4136,161,19,0.9649
4137,161,19,0.9736
4138,161,19,0.9861
4139,161,19,0.9853
4517,164,19,0.8285
4518,164,19,0.7483
4519,164,19,0.7352
3060,126,59,0.9508
3061,126,59,0.2182
3062,126,59,0.7452
3063,126,59,0.5726
3064,126,59,0.1565
3065,126,59,0.7893
3066,126,59,0.9634
3067,126,59,0.9812
3068,126,59,0.0750
3069,126,59,0.9342
3801,137,19,0.9533
3802,137,19,0.6268
3803,137,19,0.7104
3804,137,19,0.3450
3805,137,19,0.8466
3806,137,19,0.5348
3807,137,19,0.5233
4140,161,19,0.7344
4141,161,19,0.9277
4142,161,19,0.7473
4143,161,19,0.6293
4144,161,19,0.2624
4145,161,19,0.8808
4146,161,19,0.8682
4147,161,19,0.9468
4148,161,19,0.9057
4149,161,19,0.9761
4520,164,19,0.6304
4521,164,19,0.4541
3070,126,59,0.8699
3071,126,59,0.3630
3072,126,59,0.6654
3073,126,59,0.5147
3074,126,59,0.4725
3075,126,59,0.7824
3076,126,59,0.6022
3077,126,59,0.9265
3078,126,59,0.5220
3079,126,59,0.8299
3808,137,19,0.7865
3809,137,19,0.7259
3810,137,19,0.9736
3811,137,19,0.9562
3812,137,19,0.9724
3813,137,19,0.7894
3814,137,19,0.6931
3815,137,19,0.9002
4150,161,19,0.1181
4151,161,19,0.6752
4152,161,19,0.4270
4153,161,19,0.7004
4154,161,19,0.9120
4155,161,19,0.9526
4156,161,19,0.9865
4157,161,19,0.9894
4158,161,19,0.9918
4159,161,19,0.9905
4522,164,19,0.2984
4523,164,19,0.7242
3080,126,59,0.8433
3816,137,19,0.7306
3817,137,19,0.7968
4160,161,19,0.6675
4161,161,19,0.9602
4162,161,19,0.7600
4163,161,19,0.7789
4164,161,19,0.7930
4165,161,19,0.2307
4166,161,19,0.7281
4167,161,19,0.9608
4168,161,19,0.8999
4169,161,19,0.9766
4524,164,19,0.4910
4525,164,19,0.7040
4526,164,19,0.9694
4527,164,19,0.5036
3081,126,59,0.7979
3082,126,59,0.8665
3083,126,59,0.9740
3084,126,59,0.4400
3085,126,59,0.5811
3086,126,59,0.9106
3087,126,59,0.8244
3088,126,59,0.7364
3089,126,59,0.8182
3090,126,59,0.7638
3818,137,19,0.5555
3819,137,19,0.9606
3820,137,19,0.9259
3821,137,19,0.9798
3822,137,19,0.9133
3823,137,19,0.9771
3824,137,19,0.9440
3825,137,19,0.9643
3826,137,19,0.5861
3827,137,19,0.6285
4170,161,19,0.2432
4528,164,19,0.6914
4529,164,19,0.6447
3091,126,59,0.9449
3092,126,59,0.9625
3093,126,59,0.9396
3094,126,59,0.7275
3095,126,59,0.7782
3096,126,59,0.9126
3097,126,59,0.4241
3098,126,59,0.8503
3099,126,59,0.9715
3100,126,59,0.8615
3828,137,19,0.7734
3829,137,19,0.7692
3830,137,19,0.8769
3831,137,19,0.9098
3832,137,19,0.1544
3833,137,19,0.8738
4171,161,19,0.9584
4172,161,19,0.9801
4173,161,19,0.6378
4174,161,19,0.7491
4175,161,19,0.6521
4176,161,19,0.2645
4177,161,19,0.9138
4178,161,19,0.9749
4179,161,19,0.9830
4180,161,19,0.9861
4530,164,19,0.9347
4531,164,19,0.8213
3101,126,59,0.8547
3834,137,19,0.5982
3835,137,19,0.6105
3836,137,19,0.9419
3837,137,19,0.9155
3838,137,19,0.7897
3839,137,19,0.9189
3840,137,19,0.2255
4181,161,19,0.8316
4182,161,19,0.4530
4183,161,19,0.4926
4184,161,19,0.5458
4185,161,19,0.9002
4186,161,19,0.9675
4187,161,19,0.9521
4188,161,19,0.9752
4189,161,19,0.9781
4190,161,19,0.8759
4532,164,19,0.2038
4533,164,19,0.4994
3102,126,59,0.0399
3103,126,59,0.9758
3104,126,59,0.0852
3105,126,59,0.0299
3106,126,59,0.3715
3107,126,59,0.9548
3108,126,59,0.9755
3109,126,59,0.9808
3110,126,59,0.9837
3111,126,59,0.9867
3841,137,19,0.2740
3842,137,19,0.6320
4191,161,19,0.6240
4192,161,19,0.7184
4193,161,19,0.3394
4194,161,19,0.7541
4195,161,19,0.6517
4196,161,19,0.8410
4197,161,19,0.8480
4198,161,19,0.9048
4199,161,19,0.9196
4200,161,19,0.7969
4534,164,19,0.0645
4535,164,19,0.7285
3112,126,59,0.9301
3113,126,59,0.9700
3114,126,59,0.9827
3115,126,59,0.8206
3116,126,59,0.9819
3117,126,59,0.9852
3118,126,59,0.9338
3119,126,59,0.3061
3120,126,59,0.8066
3121,126,59,0.2261
3843,137,19,0.8781
3844,137,19,0.4633
3845,137,19,0.4436
4201,161,19,0.2917
4202,161,19,0.7542
4203,161,19,0.7056
4204,161,19,0.3128
4205,161,19,0.7007
4206,161,19,0.4955
4207,161,19,0.8635
4208,161,19,0.9010
4209,161,19,0.9591
4210,161,19,0.9836
4536,164,19,0.1976
4537,164,19,0.7105
3122,126,59,0.1490
3123,126,59,0.1960
3124,126,59,0.5872
3125,126,59,0.6329
3126,126,59,0.8084
3127,126,59,0.9278
3128,126,59,0.8317
3129,126,59,0.9301
3130,126,59,0.8125
3131,126,59,0.0630
3846,137,19,0.7149
3847,137,19,0.6961
3848,137,19,0.5561
4211,161,19,0.5857
4212,161,19,0.6402
4213,161,19,0.6685
4214,161,19,0.0465
4215,161,19,0.6436
4216,161,19,0.2537
4217,161,19,0.7378
4218,161,19,0.8012
4219,161,19,0.9071
4220,161,19,0.9614
4538,164,19,0.9219
4539,164,19,0.9422
4540,164,19,0.0612
4541,164,19,0.0242
4542,164,19,0.6524
4543,164,19,0.4088
4544,164,19,0.9731
4545,164,19,0.9392
4546,164,19,0.5683
4547,164,19,0.9749
3132,126,19,0.5922
3849,137,19,0.9632
3850,137,19,0.6320
3851,137,19,0.9677
3852,137,19,0.9004
3853,137,19,0.8113
3854,137,19,0.8623
3855,137,19,0.9794
3856,137,19,0.9820
3857,137,19,0.5433
4221,161,19,0.6868
4222,161,19,0.2432
4223,161,19,0.6311
4224,161,19,0.8435
4225,161,19,0.9646
4226,161,19,0.9884
4227,161,19,0.9907
4228,161,19,0.9893
4229,161,19,0.9921
4230,161,19,0.9922
4548,166,59,0.0507
4549,166,59,0.5809
3133,126,59,0.1212
3134,126,59,0.2243
3135,126,59,0.3418
3136,126,59,0.0624
3137,126,59,0.3897
3138,126,59,0.9166
3139,126,59,0.4323
3140,126,59,0.3857
3141,126,59,0.0625
3142,126,59,0.2977
4231,161,19,0.6860
4232,161,19,0.6101
4233,161,19,0.3387
4234,161,19,0.1602
4235,161,19,0.8133
4236,161,19,0.9247
4237,161,19,0.9340
4238,161,19,0.9753
4239,161,19,0.9879
4240,161,19,0.9906
4550,166,59,0.7175
4551,166,59,0.9185
4552,166,59,0.3924
4553,166,59,0.6876
4554,166,59,0.7639
4555,166,59,0.9100
4556,166,59,0.3060
4557,166,59,0.8528
4558,166,59,0.1277
4559,166,59,0.8934
4611,168,59,0.8898
4612,168,59,0.9665
4613,168,59,0.7791
4614,168,59,0.9760
4615,168,59,0.9796
4616,168,59,0.7138
4617,168,59,0.8736
4618,168,59,0.3357
3143,126,59,0.9118
3144,126,59,0.8695
3145,126,59,0.9773
3146,126,59,0.8034
3147,126,59,0.6911
3148,126,59,0.6395
3149,126,59,0.2980
3150,126,59,0.7695
3151,126,59,0.9594
3152,126,59,0.9737
4241,161,19,0.7517
4242,161,19,0.7816
4243,161,19,0.7916
4244,161,19,0.5799
4245,161,19,0.9345
4246,161,19,0.8542
4247,161,19,0.7984
4248,161,19,0.9762
4249,161,19,0.1360
4250,161,19,0.2579
4560,166,59,0.4733
4561,166,59,0.9495
4562,166,59,0.9622
4563,166,59,0.1791
4564,166,59,0.7374
4565,166,59,0.4405
4566,166,59,0.9593
4567,166,59,0.4454
4568,166,59,0.2156
4619,168,59,0.4272
3153,126,59,0.8612
3154,126,59,0.9605
3155,126,59,0.8766
3156,126,59,0.7796
3157,126,59,0.9498
3158,126,59,0.3654
3159,126,59,0.9681
3160,126,59,0.8010
3161,126,59,0.8703
3162,126,59,0.9768
4251,161,19,0.4679
4252,161,19,0.4343
4253,161,19,0.7655
4254,161,19,0.9058
4255,161,19,0.9768
4256,161,19,0.9802
4257,161,19,0.9818
4258,161,19,0.9850
4259,161,19,0.9861
4260,161,19,0.9862
4569,166,59,0.9603
4570,166,59,0.8008
4571,166,59,0.9012
4572,166,59,0.9725
4573,166,59,0.6178
4574,166,59,0.8634
4620,168,59,0.9696
4621,168,59,0.5443
4622,168,59,0.4777
4623,168,59,0.9706
4624,168,59,0.5366
4625,168,59,0.5991
4626,168,59,0.8448
4627,168,59,0.6768
4628,168,59,0.7024
3163,126,59,0.8632
3164,126,59,0.8885
3165,126,59,0.8595
3166,126,59,0.6515
3167,126,59,0.8515
3168,126,59,0.8135
3169,126,59,0.8093
3170,126,59,0.7833
3171,126,59,0.9694
3172,126,59,0.9803
4261,161,19,0.5914
4262,161,19,0.8117
4263,161,19,0.3424
4264,161,19,0.5910
4265,161,19,0.4126
4266,161,19,0.8220
4267,161,19,0.9494
4268,161,19,0.9647
4269,161,19,0.9824
4270,161,19,0.9857
4575,166,59,0.6275
4576,166,59,0.9517
4577,166,59,0.4992
4578,166,59,0.9741
4579,166,59,0.9810
4580,166,59,0.9853
4581,166,59,0.9721
4582,166,59,0.2638
4583,166,59,0.5810
4584,166,59,0.0365
4629,168,59,0.5770
4630,168,59,0.9689
3173,126,59,0.9580
3174,126,59,0.3764
3175,126,59,0.5740
3176,126,59,0.7547
3177,126,59,0.3742
3178,126,59,0.8074
3179,126,59,0.6772
3180,126,59,0.2340
3181,126,59,0.9637
3182,126,59,0.9588
4271,161,19,0.5351
4272,161,19,0.2843
4273,161,19,0.3639
4274,161,19,0.3864
4275,161,19,0.2250
4276,161,19,0.7447
4277,161,19,0.8409
4278,161,19,0.9459
4279,161,19,0.9783
4280,161,19,0.9842
4585,166,59,0.9813
4586,166,59,0.8666
4587,166,59,0.2202
4631,168,59,0.8912
4632,168,59,0.8937
4633,168,59,0.6364
4634,168,59,0.9230
4635,168,59,0.9318
4636,168,59,0.4672
3183,126,59,0.8592
3184,126,59,0.7436
3185,126,59,0.0861
3186,126,59,0.7421
3187,126,59,0.4586
3188,126,59,0.9325
3189,126,59,0.8708
3190,126,59,0.9643
3191,126,59,0.9831
3192,126,59,0.9541
4281,161,19,0.5331
4282,161,19,0.7803
4283,161,19,0.1135
4284,161,19,0.7556
4285,161,19,0.8080
4286,161,19,0.9473
4287,161,19,0.8413
4288,161,19,0.8090
4289,161,19,0.1612
4290,161,19,0.6460
4588,166,59,0.9172
4589,166,59,0.9656
4590,166,59,0.9417
4637,168,59,0.9613
4638,168,59,0.4941
4639,168,59,0.0300
3193,126,59,0.9218
3194,126,59,0.9052
3195,126,59,0.5357
3196,126,59,0.4737
3197,126,59,0.6590
3198,126,59,0.8760
3199,126,59,0.9682
3200,126,59,0.3857
3201,126,59,0.8854
3202,126,59,0.7346
4291,161,19,0.5092
4292,161,19,0.3326
4293,161,19,0.7161
4294,161,19,0.8968
4295,161,19,0.9073
4296,161,19,0.9704
4297,161,19,0.9810
4298,161,19,0.9850
4299,161,19,0.9863
4300,161,19,0.9866
4591,166,59,0.8775
4592,166,59,0.9389
4593,166,59,0.9674
4594,166,59,0.2322
4595,166,59,0.9742
4596,166,59,0.1321
4597,166,59,0.9332
4598,166,59,0.9098
4599,166,59,0.7631
4600,166,59,0.9753
4640,168,59,0.9654
4641,168,59,0.9791
4642,168,59,0.7831
4643,168,59,0.3056
4644,168,59,0.7471
4645,168,59,0.7271
4646,168,59,0.9645
4647,168,59,0.9693
4648,168,59,0.9698
4649,168,59,0.9866
3203,126,59,0.9206
3204,126,59,0.8764
3205,126,59,0.9421
3206,126,59,0.6756
3207,126,59,0.9643
3208,126,59,0.2699
3209,126,59,0.9688
3210,126,59,0.6124
3211,126,59,0.6824
3212,126,59,0.1885
4301,161,19,0.9079
4302,161,19,0.3109
4303,161,19,0.2523
4304,161,19,0.3258
4305,161,19,0.7860
4306,161,19,0.7971
4307,161,19,0.6846
4308,161,19,0.8989
4309,161,19,0.9598
4310,161,19,0.9740
4601,166,19,0.8171
4602,166,19,0.9746
4603,166,19,0.8934
4604,166,19,0.9799
4605,166,19,0.9460
4606,166,19,0.8660
4607,166,19,0.1809
4608,166,19,0.9422
4609,166,19,0.1188
4610,166,19,0.9529
4650,168,19,0.2077
4651,168,19,0.7333
3213,126,59,0.9595
3214,126,59,0.7794
3215,126,59,0.9468
3216,126,59,0.8064
3217,126,59,0.7786
3218,126,59,0.2123
3219,126,59,0.8495
3220,126,59,0.9509
3221,126,59,0.9736
3222,126,59,0.9756
4311,161,19,0.4925
4312,161,19,0.8122
4313,161,19,0.5053
4314,161,19,0.6577
4315,161,19,0.0597
4316,161,19,0.8176
4317,161,19,0.5730
4318,161,19,0.9665
4319,161,19,0.5816
4320,161,19,0.7398
4652,168,19,0.7686
4653,168,19,0.9255
4654,168,19,0.8349
4655,168,19,0.9771
4656,168,19,0.9685
4657,168,19,0.9842
4658,168,19,0.5793
4659,168,19,0.1333
4660,168,19,0.3132
4750,174,59,0.7390
4751,174,59,0.4952
4752,174,59,0.8624
4753,174,59,0.7308
4754,174,59,0.2845
4755,174,59,0.3265
4756,174,59,0.6762
4757,174,59,0.9205
4758,174,59,0.7180
4759,174,59,0.5943
3223,126,59,0.9643
3224,126,59,0.9839
3225,126,59,0.9340
3226,126,59,0.9610
3227,126,59,0.8570
3228,126,59,0.0613
3229,126,59,0.9157
3230,126,59,0.6959
3231,126,59,0.4473
3232,126,59,0.9412
4321,161,19,0.2261
4322,161,19,0.1919
4323,161,19,0.5745
4324,161,19,0.4894
4325,161,19,0.5764
4326,161,19,0.8438
4327,161,19,0.9343
4328,161,19,0.9300
4329,161,19,0.9666
4330,161,19,0.9828
4661,168,19,0.9487
4662,168,19,0.4133
4663,168,19,0.9742
4664,168,19,0.2488
4665,168,19,0.5880
4666,168,19,0.4931
4667,168,19,0.9676
4668,168,19,0.2119
4760,174,59,0.4583
4761,174,59,0.7887
4762,174,59,0.0302
4763,174,59,0.1515
4764,174,59,0.9410
4765,174,59,0.9228
4766,174,59,0.9814
4767,174,59,0.9841
4768,174,59,0.9833
4769,174,59,0.9496
3233,126,59,0.8786
3234,126,59,0.9194
3235,126,59,0.9183
3236,126,59,0.5358
3237,126,59,0.9784
3238,126,59,0.9690
3239,126,59,0.7160
3240,126,59,0.8906
3241,126,59,0.8135
3242,126,59,0.3109
4331,161,19,0.2862
4332,161,19,0.7238
4333,161,19,0.6684
4334,161,19,0.8929
4335,161,19,0.9864
4336,161,19,0.9843
4337,161,19,0.9893
4338,161,19,0.9923
4339,161,19,0.9660
4340,161,19,0.9887
4669,168,19,0.6827
4670,168,19,0.9211
4671,168,19,0.7743
4672,168,19,0.5568
4673,168,19,0.9488
4770,174,59,0.5699
4771,174,59,0.8928
4772,174,59,0.7946
4773,174,59,0.9195
4774,174,59,0.5088
4775,174,59,0.9694
4776,174,59,0.8808
4777,174,59,0.1346
4778,174,59,0.9242
4779,174,59,0.9729
3243,126,59,0.0418
3244,126,59,0.8281
3245,126,59,0.4212
3246,126,59,0.6728
3247,126,59,0.9240
3248,126,59,0.8087
3249,126,59,0.9063
3250,126,59,0.8315
3251,126,59,0.8428
3252,126,59,0.8174
4341,161,19,0.6048
4342,161,19,0.3311
4343,161,19,0.7776
4344,161,19,0.9027
4345,161,19,0.9564
4346,161,19,0.9842
4347,161,19,0.9864
4348,161,19,0.9860
4349,161,19,0.9857
4350,161,19,0.9874
4674,168,19,0.9136
4675,168,19,0.4675
4676,168,19,0.8273
4677,168,19,0.7150
4678,168,19,0.3074
4780,174,59,0.7077
4781,174,59,0.9755
4782,174,59,0.7072
4783,174,59,0.8151
4784,174,59,0.8793
4785,174,59,0.5799
4786,174,59,0.1464
4787,174,59,0.2769
4788,174,59,0.6935
3253,126,59,0.8149
3254,126,59,0.9567
3255,126,59,0.4604
3256,126,59,0.6138
3257,126,59,0.9395
3258,126,59,0.3052
3259,126,59,0.6893
3260,126,59,0.5345
3261,126,59,0.8945
3262,126,59,0.9661
4351,161,19,0.1518
4352,161,19,0.5829
4353,161,19,0.6007
4354,161,19,0.8261
4355,161,19,0.9373
4356,161,19,0.9645
4357,161,19,0.9780
4358,161,19,0.9837
4359,161,19,0.9891
4360,161,19,0.9875
4679,168,19,0.9167
4680,168,19,0.7651
4681,168,19,0.3155
4682,168,19,0.7919
4683,168,19,0.4682
4684,168,19,0.3542
4789,174,19,0.0454
4790,174,19,0.6490
3263,126,59,0.8642
3264,126,59,0.7856
3265,126,59,0.0245
3266,126,59,0.5848
3267,126,59,0.8532
3268,126,59,0.9618
3269,126,59,0.6679
3270,126,59,0.8474
3271,126,59,0.3801
3272,126,59,0.9377
4361,161,19,0.3976
4362,161,19,0.8692
4363,161,19,0.6166
4364,161,19,0.2664
4365,161,19,0.3024
4366,161,19,0.8410
4367,161,19,0.9602
4368,161,19,0.9844
4369,161,19,0.9849
4370,161,19,0.9870
4685,168,19,0.4198
4686,168,19,0.7375
4791,174,19,0.9701
4792,174,19,0.8450
4793,174,19,0.5198
4794,174,19,0.9660
4795,174,19,0.7301
3273,126,59,0.2817
4371,161,19,0.7770
4372,161,19,0.5272
4373,161,19,0.3503
4374,161,19,0.2815
4375,161,19,0.9257
4376,161,19,0.9662
4377,161,19,0.9761
4378,161,19,0.9855
4379,161,19,0.9767
4380,161,19,0.9856
4687,168,19,0.6448
4688,168,19,0.9729
4689,168,19,0.5115
4690,168,19,0.8487
4691,168,19,0.3241
4692,168,19,0.8439
4693,168,19,0.8361
4694,168,19,0.9104
4695,168,19,0.7738
4696,168,19,0.1787
4796,174,19,0.6391
4797,174,19,0.9470
4798,174,19,0.3166
4799,174,19,0.6845
3274,126,59,0.5913
3275,126,59,0.8746
3276,126,59,0.8997
3277,126,59,0.3034
3278,126,59,0.9791
3279,126,59,0.2894
3280,126,59,0.7904
3281,126,59,0.9121
3282,126,59,0.3842
3283,126,59,0.4349
4381,161,19,0.2448
4382,161,19,0.6866
4383,161,19,0.4969
4384,161,19,0.9076
4385,161,19,0.9578
4386,161,19,0.9785
4387,161,19,0.9829
4388,161,19,0.9855
4389,161,19,0.9901
4390,161,19,0.9896
4697,168,19,0.9033
4698,168,19,0.8732
4699,168,19,0.2853
4700,168,19,0.6344
4800,174,19,0.6759
4801,174,19,0.6177
3284,126,59,0.9469
3285,126,59,0.8400
3286,126,59,0.9671
3287,126,59,0.5381
3288,126,59,0.5940
3289,126,59,0.7661
3290,126,59,0.9001
3291,126,59,0.6179
3292,126,59,0.4584
3293,126,59,0.8585
4391,161,19,0.9605
4392,161,19,0.3948
4393,161,19,0.6290
4394,161,19,0.3268
4395,161,19,0.8203
4396,161,19,0.9694
4397,161,19,0.9829
4398,161,19,0.9835
4399,161,19,0.9857
4400,161,19,0.9821
4701,168,19,0.8515
4702,168,19,0.6799
4802,174,19,0.8213
4803,174,19,0.7177
4804,174,19,0.9502
4805,174,19,0.1366
4806,174,19,0.6904
4807,174,19,0.7525
4808,174,19,0.2658
4809,174,19,0.3527
4810,174,19,0.4461
4811,174,19,0.9529
3294,126,59,0.8543
3295,126,59,0.9616
3296,126,59,0.1776
3297,126,59,0.7990
3298,126,59,0.2949
3299,126,59,0.8350
3300,126,59,0.6636
3301,126,59,0.6862
3302,126,59,0.7304
3303,126,59,0.9617
4401,161,19,0.6360
4402,161,19,0.7385
4403,161,19,0.2364
4404,161,19,0.8956
4405,161,19,0.3771
4406,161,19,0.6442
4407,161,19,0.8976
4408,161,19,0.4820
4409,161,19,0.4022
4410,161,19,0.5165
4703,168,19,0.4068
4704,168,19,0.3097
4812,174,19,0.6086
4813,174,19,0.8627
4814,174,19,0.8475
4815,174,19,0.7946
4816,174,19,0.9707
4817,174,19,0.7612
4818,174,19,0.6833
4819,174,19,0.9674
4820,174,19,0.9802
4821,174,19,0.9846
3304,126,59,0.9537
3305,126,59,0.9428
3306,126,59,0.7526
3307,126,59,0.2302
3308,126,59,0.8321
3309,126,59,0.6418
3310,126,59,0.1041
3311,126,59,0.2643
3312,126,59,0.2102
3313,126,59,0.3831
4411,161,19,0.8511
4412,161,19,0.4411
4413,161,19,0.3474
4414,161,19,0.1609
4415,161,19,0.3951
4416,161,19,0.5091
4417,161,19,0.8060
4418,161,19,0.9270
4419,161,19,0.0539
4420,161,19,0.0650
4705,168,19,0.8226
4706,168,19,0.9772
4707,168,19,0.9829
4708,168,19,0.4829
4709,168,19,0.5954
4710,168,19,0.6002
4822,174,19,0.9171
4823,174,19,0.1231
4824,174,19,0.2872
4825,174,19,0.3991
4826,174,19,0.3741
4827,174,19,0.7867
4828,174,19,0.8759
4829,174,19,0.9454
4830,174,19,0.9671
4831,174,19,0.9826
3314,126,59,0.8795
3315,126,59,0.8891
3316,126,59,0.9662
3317,126,59,0.5825
3318,126,59,0.7400
3319,126,59,0.8618
3320,126,59,0.9109
3321,126,59,0.6926
3322,126,59,0.8190
3323,126,59,0.9440
4421,161,19,0.7866
4422,161,19,0.5149
4423,161,19,0.5410
4424,161,19,0.9296
4425,161,19,0.9681
4426,161,19,0.7295
4427,161,19,0.0614
4428,161,19,0.8150
4429,161,19,0.4220
4430,161,19,0.2816
4711,168,19,0.2721
4712,168,19,0.7173
4832,174,19,0.6592
4833,174,19,0.8004
4834,174,19,0.8946
4835,174,19,0.7218
4836,174,19,0.8830
4837,174,19,0.7075
4838,174,19,0.3852
4839,174,19,0.4753
4840,174,19,0.8968
4841,174,19,0.9787
3324,126,59,0.9571
3325,126,59,0.6436
3326,126,59,0.3380
3327,126,59,0.6415
3328,126,59,0.7013
3329,126,59,0.9315
3330,126,59,0.0287
3331,126,59,0.9512
3332,126,59,0.3672
3333,126,59,0.9553
4431,161,19,0.5417
4432,161,19,0.4716
4433,161,19,0.5030
4434,161,19,0.2659
4435,161,19,0.8375
4436,161,19,0.8598
4437,161,19,0.9736
4438,161,19,0.9795
4439,161,19,0.9842
4440,161,19,0.9864
4713,168,19,0.6598
4714,168,19,0.4917
4715,168,19,0.9728
4716,168,19,0.2761
4717,168,19,0.4256
4718,168,19,0.2708
4719,168,19,0.1377
4720,168,19,0.7323
4842,174,19,0.8424
4843,174,19,0.7881
4844,174,19,0.7896
4845,174,19,0.3613
4846,174,19,0.2683
4847,174,19,0.5341
4848,174,19,0.8394
4849,174,19,0.9761
4850,174,19,0.9824
4851,174,19,0.9866
3334,126,59,0.5601
3335,126,59,0.2753
3336,126,59,0.8608
3337,126,59,0.8672
3338,126,59,0.9517
3339,126,59,0.3181
3340,126,59,0.9370
3341,126,59,0.5596
3342,126,59,0.3197
3343,126,59,0.7136
4441,161,19,0.7968
4442,161,19,0.3509
4443,161,19,0.8248
4444,161,19,0.9275
4445,161,19,0.9509
4446,161,19,0.9805
4447,161,19,0.9861
4448,161,19,0.9867
4449,161,19,0.9854
4450,161,19,0.9853
4721,168,19,0.5375
4722,168,19,0.5923
4852,174,19,0.3104
4853,174,19,0.9729
4854,174,19,0.9559
4855,174,19,0.8153
4856,174,19,0.9766
4857,174,19,0.9843
4858,174,19,0.9860
4859,174,19,0.9870
4860,174,19,0.9872
4861,174,19,0.9873
3344,126,59,0.8364
3345,126,59,0.2141
3346,126,59,0.1514
3347,126,59,0.4652
3348,126,59,0.6355
3349,126,59,0.1711
3350,126,59,0.8694
3351,126,59,0.9276
3352,126,59,0.9589
3353,126,59,0.4563
4451,161,19,0.4369
4452,161,19,0.3559
4453,161,19,0.2307
4454,161,19,0.6400
4455,161,19,0.6658
4456,161,19,0.8306
4457,161,19,0.8651
4458,161,19,0.9758
4459,161,19,0.9786
4460,161,19,0.9837
4723,168,19,0.5339
4724,168,19,0.8333
4725,168,19,0.7872
4726,168,19,0.7742
4727,168,19,0.9401
4728,168,19,0.6242
4729,168,19,0.7508
4862,174,19,0.8691
4863,174,19,0.7262
4864,174,19,0.9771
4865,174,19,0.2411
4866,174,19,0.4823
4867,174,19,0.8975
4868,174,19,0.3412
4869,174,19,0.6670
4870,174,19,0.9552
4871,174,19,0.9787
3354,126,59,0.9702
3355,126,59,0.8153
3356,126,59,0.8892
3357,126,59,0.9739
3358,126,59,0.6008
3359,126,59,0.8246
3360,126,59,0.1738
3361,126,59,0.8931
3362,126,59,0.5486
3363,126,59,0.5204
4461,161,19,0.7224
4462,161,19,0.6298
4463,161,19,0.6844
4464,161,19,0.6876
4465,161,19,0.9627
4466,161,19,0.6067
4467,161,19,0.8574
4468,161,19,0.6911
4469,161,19,0.7241
4470,161,19,0.9122
4730,168,19,0.2779
4731,168,19,0.1608
4872,174,19,0.2361
4873,174,19,0.3704
4874,174,19,0.9087
4875,174,19,0.9689
4876,174,19,0.9591
4877,174,19,0.9805
4878,174,19,0.9857
4879,174,19,0.9868
4880,174,19,0.9867
4881,174,19,0.9558
3364,126,59,0.2871
3365,126,59,0.0407
3366,126,59,0.7255
3367,126,59,0.9629
3368,126,59,0.9399
3369,126,59,0.9756
3370,126,59,0.9507
3371,126,59,0.9824
3372,126,59,0.9863
3373,126,59,0.9868
4732,168,19,0.8559
4733,168,19,0.0878
4734,168,19,0.2178
4735,168,19,0.6870
4736,168,19,0.9493
4737,168,19,0.9663
4738,168,19,0.6546
4739,168,19,0.4549
4882,174,19,0.0793
4883,174,19,0.4148
4884,174,19,0.9101
4885,174,19,0.1010
4886,174,19,0.9198
4887,174,19,0.8037
4888,174,19,0.9337
4889,174,19,0.8099
4890,174,19,0.1664
4891,174,19,0.1686
4961,178,59,0.9511
4962,178,59,0.8290
4963,178,59,0.9732
4964,178,59,0.3728
4965,178,59,0.2727
4966,178,59,0.1305
4967,178,59,0.3703
4968,178,59,0.9508
4969,178,59,0.9794
4970,178,59,0.9847
3374,126,59,0.8288
3375,126,59,0.3661
3376,126,59,0.5712
3377,126,59,0.3098
3378,126,59,0.5058
3379,126,59,0.5325
3380,126,59,0.6939
4740,168,19,0.7878
4741,168,19,0.6115
4742,168,19,0.3576
4743,168,19,0.6546
4744,168,19,0.4489
4745,168,19,0.9701
4746,168,19,0.9796
4747,168,19,0.9739
4748,168,19,0.9825
4749,168,19,0.9774
4892,174,19,0.3689
4893,174,19,0.2098
4894,174,19,0.5436
4895,174,19,0.8360
4896,174,19,0.8184
4897,174,19,0.9070
4898,174,19,0.8403
4899,174,19,0.9101
4900,174,19,0.8104
4901,174,19,0.8585
4971,178,59,0.9835
4972,178,59,0.8503
4973,178,59,0.7942
4974,178,59,0.3184
4975,178,59,0.2217
4976,178,59,0.7110
4977,178,59,0.0803
4978,178,59,0.5764
4979,178,59,0.9309
4980,178,59,0.8870
3381,126,19,0.6157
3382,126,19,0.7765
3383,126,19,0.3365
3384,126,19,0.3599
3385,126,19,0.8687
3386,126,19,0.8931
3387,126,19,0.9652
3388,126,19,0.9789
3389,126,19,0.9821
3390,126,19,0.9859
4902,174,19,0.9559
4903,174,19,0.7947
4904,174,19,0.8586
4905,174,19,0.0331
4906,174,19,0.9215
4907,174,19,0.7254
4908,174,19,0.8105
4909,174,19,0.2433
4910,174,19,0.1562
4911,174,19,0.9070
4981,178,59,0.8199
4982,178,59,0.2874
4983,178,59,0.8964
4984,178,59,0.5846
4985,178,59,0.3233
4986,178,59,0.4866
4987,178,59,0.9558
4988,178,59,0.9192
4989,178,59,0.7207
4990,178,59,0.2576
5081,183,59,0.7900
5082,183,59,0.9452
5083,183,59,0.6040
5084,183,59,0.7519
5085,183,59,0.4081
5086,183,59,0.7777
5087,183,59,0.9639
5088,183,59,0.3398
5089,183,59,0.9714
5090,183,59,0.3519
3391,126,19,0.7430
3392,126,19,0.4013
3393,126,19,0.9019
3394,126,19,0.9703
3395,126,19,0.7657
3396,126,19,0.9434
3397,126,19,0.9800
3398,126,19,0.7746
3399,126,19,0.2520
3400,126,19,0.8747
4912,174,19,0.1376
4913,174,19,0.8176
4914,174,19,0.8966
4915,174,19,0.0743
4916,174,19,0.1027
4917,174,19,0.3061
4918,174,19,0.6868
4919,174,19,0.2658
4920,174,19,0.1796
4921,174,19,0.7300
4991,178,59,0.8381
4992,178,59,0.5388
4993,178,59,0.4549
4994,178,59,0.8366
4995,178,59,0.6577
4996,178,59,0.9238
4997,178,59,0.8618
4998,178,59,0.0499
4999,178,59,0.8099
5000,178,59,0.6028
5091,183,59,0.9588
5092,183,59,0.8676
5093,183,59,0.2570
5094,183,59,0.9219
5095,183,59,0.7135
5096,183,59,0.9262
5097,183,59,0.2155
5098,183,59,0.8553
5099,183,59,0.2617
5100,183,59,0.8672
4922,174,19,0.4017
4923,174,19,0.3176
4924,174,19,0.2655
4925,174,19,0.8736
4926,174,19,0.9686
4927,174,19,0.9788
4928,174,19,0.9847
4929,174,19,0.9827
4930,174,19,0.9863
4931,174,19,0.9868
5001,178,59,0.7677
5002,178,59,0.9484
5003,178,59,0.7703
5004,178,59,0.3393
5005,178,59,0.8006
5006,178,59,0.9731
5007,178,59,0.9732
5008,178,59,0.9746
5009,178,59,0.9692
5010,178,59,0.7316
5101,183,59,0.8501
5102,183,59,0.6768
5103,183,59,0.1786
5104,183,59,0.0705
5105,183,59,0.6118
5360,194,59,0.9497
5361,194,59,0.4344
5362,194,59,0.6670
5363,194,59,0.3992
5364,194,59,0.9666
5365,194,59,0.9594
5366,194,59,0.9626
5367,194,59,0.7800
5368,194,59,0.3211
5369,194,59,0.9082
4932,174,19,0.6038
4933,174,19,0.8668
4934,174,19,0.7793
4935,174,19,0.6124
4936,174,19,0.7377
4937,174,19,0.5957
4938,174,19,0.4940
4939,174,19,0.9589
4940,174,19,0.9676
4941,174,19,0.9607
5011,178,59,0.9194
5012,178,59,0.9715
5013,178,59,0.8766
5014,178,59,0.9741
5015,178,59,0.9796
5016,178,59,0.3221
5017,178,59,0.9783
5018,178,59,0.7466
5019,178,59,0.7420
5020,178,59,0.8966
5106,183,59,0.9669
5107,183,59,0.3325
5108,183,59,0.9670
5109,183,59,0.8918
5110,183,59,0.6516
5111,183,59,0.7754
5112,183,59,0.5450
5113,183,59,0.2066
5114,183,59,0.7441
5115,183,59,0.5347
5370,194,59,0.4291
4942,174,19,0.6130
4943,174,19,0.6375
4944,174,19,0.9216
4945,174,19,0.9668
4946,174,19,0.9765
4947,174,19,0.9616
4948,174,19,0.9831
4949,174,19,0.9843
4950,174,19,0.9847
4951,174,19,0.9836
5021,178,19,0.5478
5022,178,19,0.3169
5023,178,19,0.8626
5024,178,19,0.8117
5025,178,19,0.6669
5026,178,19,0.5859
5027,178,19,0.3802
5028,178,19,0.2942
5029,178,19,0.8091
5030,178,19,0.6191
5116,183,59,0.8168
5117,183,59,0.6637
5118,183,59,0.2984
5119,183,59,0.0305
5120,183,59,0.7418
5121,183,59,0.0767
5122,183,59,0.1915
5123,183,59,0.4583
5124,183,59,0.2809
5125,183,59,0.7272
5371,194,59,0.9639
5372,194,59,0.9139
5373,194,59,0.9023
5374,194,59,0.8599
5375,194,59,0.9474
5376,194,59,0.8976
5377,194,59,0.3625
5378,194,59,0.7896
5379,194,59,0.1937
5380,194,59,0.8260
4952,174,19,0.8628
4953,174,19,0.8410
4954,174,19,0.9760
4955,174,19,0.9805
4956,174,19,0.9789
4957,174,19,0.7683
4958,174,19,0.9526
4959,174,19,0.7719
4960,174,19,0.9567
5031,178,19,0.5580
5032,178,19,0.9423
5033,178,19,0.3301
5034,178,19,0.8754
5035,178,19,0.3836
5036,178,19,0.5920
5037,178,19,0.7573
5038,178,19,0.7181
5039,178,19,0.8851
5040,178,19,0.0461
5126,183,59,0.8547
5127,183,59,0.5883
5128,183,59,0.3315
5129,183,59,0.8212
5130,183,59,0.5768
5131,183,59,0.7225
5132,183,59,0.8515
5133,183,59,0.9454
5134,183,59,0.9205
5135,183,59,0.9766
5381,194,59,0.6124
5382,194,59,0.5830
5383,194,59,0.9398
5384,194,59,0.9502
5385,194,59,0.6852
5386,194,59,0.9588
5387,194,59,0.9478
5388,194,59,0.9578
5389,194,59,0.9204
5390,194,59,0.7367
5041,178,19,0.7243
5042,178,19,0.9818
5043,178,19,0.9577
5044,178,19,0.1321
5045,178,19,0.7642
5046,178,19,0.7526
5047,178,19,0.4981
5048,178,19,0.7265
5049,178,19,0.7331
5050,178,19,0.9671
5136,183,59,0.9444
5137,183,59,0.8387
5138,183,59,0.4051
5139,183,59,0.8286
5391,194,59,0.6417
5392,194,59,0.6174
5393,194,59,0.8116
5394,194,59,0.8208
5395,194,59,0.8313
5396,194,59,0.0908
5397,194,59,0.4388
5398,194,59,0.6408
5399,194,59,0.8365
5400,194,59,0.6531
5577,197,59,0.9685
5578,197,59,0.6362
5579,197,59,0.9700
5580,197,59,0.7787
5581,197,59,0.0276
5582,197,59,0.9675
5583,197,59,0.2331
5584,197,59,0.6995
5585,197,59,0.9133
5586,197,59,0.4164
5051,178,19,0.9441
5052,178,19,0.6828
5053,178,19,0.6030
5054,178,19,0.4589
5055,178,19,0.8497
5056,178,19,0.4654
5057,178,19,0.3912
5058,178,19,0.7634
5059,178,19,0.7015
5060,178,19,0.7153
5140,183,59,0.0999
5141,183,59,0.4244
5142,183,59,0.9435
5143,183,59,0.1910
5144,183,59,0.9356
5145,183,59,0.0224
5146,183,59,0.0812
5147,183,59,0.1902
5148,183,59,0.6784
5149,183,59,0.7801
5401,194,59,0.6263
5402,194,59,0.9685
5403,194,59,0.9503
5404,194,59,0.8796
5405,194,59,0.9284
5406,194,59,0.4254
5407,194,59,0.9829
5408,194,59,0.2335
5409,194,59,0.9625
5587,197,59,0.6887
5588,197,59,0.2542
5589,197,59,0.9811
5590,197,59,0.3289
5591,197,59,0.2701
5592,197,59,0.9249
5593,197,59,0.6635
5594,197,59,0.2339
5595,197,59,0.3509
5596,197,59,0.4642
5061,178,19,0.9401
5062,178,19,0.7399
5063,178,19,0.8150
5064,178,19,0.1784
5065,178,19,0.5951
5066,178,19,0.5093
5067,178,19,0.7111
5068,178,19,0.7850
5069,178,19,0.7305
5070,178,19,0.9758
5150,183,59,0.0923
5151,183,59,0.3168
5152,183,59,0.1239
5153,183,59,0.7139
5154,183,59,0.7361
5155,183,59,0.0933
5156,183,59,0.2304
5157,183,59,0.7346
5158,183,59,0.7048
5159,183,59,0.6982
5410,194,59,0.9614
5411,194,59,0.1858
5412,194,59,0.2321
5413,194,59,0.6984
5414,194,59,0.8467
5415,194,59,0.9659
5416,194,59,0.9340
5417,194,59,0.9802
5597,197,59,0.9656
5598,197,59,0.9636
5599,197,59,0.2097
5600,197,59,0.7431
5601,197,59,0.1738
5602,197,59,0.7879
5603,197,59,0.8908
5604,197,59,0.5077
5605,197,59,0.5089
5606,197,59,0.7792
5071,178,19,0.6926
5072,178,19,0.9625
5073,178,19,0.8195
5074,178,19,0.9750
5075,178,19,0.9551
5076,178,19,0.8453
5077,178,19,0.9716
5078,178,19,0.7171
5079,178,19,0.9721
5080,178,19,0.1213
5160,183,59,0.3345
5161,183,59,0.2451
5162,183,59,0.2614
5163,183,59,0.7666
5164,183,59,0.7336
5165,183,59,0.8712
5166,183,59,0.9398
5167,183,59,0.9697
5168,183,59,0.9442
5169,183,59,0.9815
5418,194,59,0.9280
5419,194,59,0.9134
5420,194,59,0.9664
5421,194,59,0.8837
5422,194,59,0.9556
5423,194,59,0.3346
5424,194,59,0.9298
5425,194,59,0.6448
5426,194,59,0.9829
5427,194,59,0.9246
5607,197,59,0.9300
5608,197,59,0.0863
5609,197,59,0.7280
5610,197,59,0.7279
5611,197,59,0.6093
5612,197,59,0.9221
5613,197,59,0.9739
5614,197,59,0.9865
5615,197,59,0.9897
5616,197,59,0.9911
5170,183,59,0.9001
5171,183,59,0.2411
5172,183,59,0.7396
5173,183,59,0.8315
5174,183,59,0.8951
5175,183,59,0.2016
5176,183,59,0.6843
5177,183,59,0.7249
5178,183,59,0.9308
5179,183,59,0.9687
5428,194,59,0.9303
5429,194,59,0.6061
5430,194,59,0.7624
5431,194,59,0.7250
5432,194,59,0.0422
5433,194,59,0.7761
5434,194,59,0.9402
5435,194,59,0.0539
5436,194,59,0.9773
5437,194,59,0.9722
5617,197,59,0.9100
5618,197,59,0.5078
5619,197,59,0.1306
5620,197,59,0.2278
5621,197,59,0.3229
5622,197,59,0.7234
5623,197,59,0.2635
5624,197,59,0.4261
5625,197,59,0.9557
5626,197,59,0.1660
5888,200,59,0.7839
5889,200,59,0.9354
5890,200,59,0.3213
5891,200,59,0.8416
5892,200,59,0.9775
5893,200,59,0.9799
5894,200,59,0.7562
5895,200,59,0.8754
5896,200,59,0.9749
5180,183,59,0.0937
5181,183,59,0.5738
5182,183,59,0.9306
5183,183,59,0.0223
5184,183,59,0.7894
5185,183,59,0.6855
5186,183,59,0.0911
5187,183,59,0.1912
5188,183,59,0.5631
5189,183,59,0.6200
5438,194,19,0.6713
5439,194,19,0.7869
5440,194,19,0.3384
5441,194,19,0.7069
5442,194,19,0.5785
5443,194,19,0.6706
5444,194,19,0.1461
5445,194,19,0.7852
5446,194,19,0.7150
5447,194,19,0.6993
5627,197,19,0.0927
5628,197,19,0.5792
5629,197,19,0.8778
5630,197,19,0.7874
5631,197,19,0.1029
5632,197,19,0.2254
5633,197,19,0.5336
5634,197,19,0.3869
5635,197,19,0.2657
5636,197,19,0.2387
5897,200,19,0.8614
5898,200,19,0.9074
5899,200,19,0.8190
5900,200,19,0.9653
5901,200,19,0.9733
5902,200,19,0.7817
5903,200,19,0.8010
5904,200,19,0.2345
5905,200,19,0.5820
5906,200,19,0.2868
5190,183,59,0.9208
5191,183,59,0.8122
5192,183,59,0.8622
5193,183,59,0.7186
5194,183,59,0.7414
5195,183,59,0.4429
5196,183,59,0.2856
5197,183,59,0.2363
5198,183,59,0.5825
5199,183,59,0.1362
5448,194,19,0.8223
5449,194,19,0.6326
5450,194,19,0.4636
5451,194,19,0.8002
5452,194,19,0.8461
5453,194,19,0.8686
5454,194,19,0.0910
5455,194,19,0.6773
5456,194,19,0.2027
5457,194,19,0.7667
5637,197,19,0.5238
5638,197,19,0.2344
5639,197,19,0.5234
5640,197,19,0.5133
5641,197,19,0.8083
5642,197,19,0.9256
5643,197,19,0.3283
5644,197,19,0.7300
5645,197,19,0.0964
5646,197,19,0.8138
5907,200,19,0.5438
5908,200,19,0.6777
5200,183,59,0.9022
5201,183,59,0.7250
5202,183,59,0.7320
5203,183,59,0.5891
5204,183,59,0.7237
5205,183,59,0.9528
5206,183,59,0.9160
5207,183,59,0.8032
5208,183,59,0.6783
5209,183,59,0.5608
5458,194,19,0.9521
5459,194,19,0.8180
5460,194,19,0.8410
5461,194,19,0.6607
5462,194,19,0.4161
5463,194,19,0.6625
5464,194,19,0.6362
5465,194,19,0.2462
5647,197,19,0.2861
5648,197,19,0.4494
5649,197,19,0.6883
5650,197,19,0.2353
5651,197,19,0.5751
5652,197,19,0.7326
5653,197,19,0.8443
5654,197,19,0.7269
5655,197,19,0.9100
5656,197,19,0.2063
5909,200,19,0.9033
5910,200,19,0.7605
5911,200,19,0.9619
5912,200,19,0.3804
5913,200,19,0.5994
5914,200,19,0.6504
5915,200,19,0.7030
5916,200,19,0.9564
5917,200,19,0.4217
5918,200,19,0.5251
5210,183,59,0.7305
5211,183,59,0.9422
5212,183,59,0.4777
5213,183,59,0.7926
5214,183,59,0.3868
5215,183,59,0.7689
5216,183,59,0.3191
5217,183,59,0.2227
5218,183,59,0.8563
5219,183,59,0.3115
5466,194,19,0.9188
5467,194,19,0.2319
5468,194,19,0.9179
5469,194,19,0.9173
5470,194,19,0.3301
5471,194,19,0.8371
5472,194,19,0.2607
5473,194,19,0.2223
5657,197,19,0.8241
5658,197,19,0.1615
5659,197,19,0.6167
5660,197,19,0.8655
5661,197,19,0.3036
5662,197,19,0.5950
5663,197,19,0.6550
5664,197,19,0.4771
5665,197,19,0.5471
5666,197,19,0.9269
5919,200,19,0.9388
5920,200,19,0.9664
5921,200,19,0.8592
5922,200,19,0.3924
5923,200,19,0.8969
5924,200,19,0.9121
5925,200,19,0.7733
5926,200,19,0.7591
5927,200,19,0.7115
5928,200,19,0.3514
5220,183,59,0.5349
5221,183,59,0.2312
5222,183,59,0.4089
5223,183,59,0.2962
5224,183,59,0.4722
5225,183,59,0.3586
5226,183,59,0.6207
5227,183,59,0.7326
5228,183,59,0.8957
5229,183,59,0.2022
5474,194,19,0.8824
5475,194,19,0.7771
5476,194,19,0.7361
5477,194,19,0.5955
5478,194,19,0.9104
5479,194,19,0.9599
5480,194,19,0.6544
5481,194,19,0.1851
5482,194,19,0.8588
5483,194,19,0.7067
5667,197,19,0.7235
5668,197,19,0.1907
5669,197,19,0.9121
5670,197,19,0.8594
5671,197,19,0.6670
5672,197,19,0.7601
5673,197,19,0.2371
5674,197,19,0.9101
5675,197,19,0.9744
5676,197,19,0.9848
5929,200,19,0.5470
5930,200,19,0.4762
5230,183,59,0.9283
5231,183,59,0.5062
5232,183,59,0.5253
5233,183,59,0.6505
5234,183,59,0.7967
5235,183,59,0.2228
5236,183,59,0.7413
5237,183,59,0.8786
5238,183,59,0.0422
5239,183,59,0.0326
5484,194,19,0.5553
5485,194,19,0.7770
5486,194,19,0.8255
5487,194,19,0.5122
5488,194,19,0.9454
5489,194,19,0.9816
5490,194,19,0.8568
5491,194,19,0.9725
5492,194,19,0.7191
5493,194,19,0.9494
5677,197,19,0.8547
5678,197,19,0.0910
5679,197,19,0.2868
5680,197,19,0.6940
5681,197,19,0.9724
5682,197,19,0.2689
5683,197,19,0.7428
5684,197,19,0.1921
5685,197,19,0.7124
5686,197,19,0.8598
5931,200,19,0.6935
5932,200,19,0.2983
5933,200,19,0.2296
5240,183,59,0.5437
5241,183,59,0.5223
5242,183,59,0.7721
5243,183,59,0.7265
5244,183,59,0.0671
5245,183,59,0.1617
5246,183,59,0.4616
5247,183,59,0.5997
5248,183,59,0.3851
5249,183,59,0.6724
5494,194,19,0.7230
5495,194,19,0.5761
5496,194,19,0.6880
5497,194,19,0.8979
5498,194,19,0.9662
5499,194,19,0.9699
5500,194,19,0.7292
5501,194,19,0.9733
5502,194,19,0.8773
5503,194,19,0.2948
5687,197,19,0.2628
5688,197,19,0.3287
5689,197,19,0.2038
5690,197,19,0.3090
5691,197,19,0.4449
5692,197,19,0.7361
5693,197,19,0.7617
5694,197,19,0.7815
5695,197,19,0.8043
5696,197,19,0.8176
5934,200,19,0.8695
5935,200,19,0.5777
5936,200,19,0.5531
5937,200,19,0.7422
5250,183,59,0.5215
5251,183,59,0.2096
5252,183,59,0.2856
5253,183,59,0.8818
5254,183,59,0.1748
5255,183,59,0.1288
5256,183,59,0.7640
5257,183,59,0.2293
5258,183,59,0.2715
5259,183,59,0.4008
5504,194,19,0.3429
5505,194,19,0.6281
5506,194,19,0.5699
5507,194,19,0.5766
5508,194,19,0.0570
5509,194,19,0.5887
5510,194,19,0.6131
5511,194,19,0.9693
5512,194,19,0.9053
5513,194,19,0.1338
5697,197,19,0.2994
5698,197,19,0.7341
5699,197,19,0.7555
5700,197,19,0.7891
5701,197,19,0.9231
5702,197,19,0.7918
5703,197,19,0.9350
5704,197,19,0.7887
5705,197,19,0.8835
5706,197,19,0.7747
5938,200,19,0.7991
5939,200,19,0.8777
5940,200,19,0.9724
5941,200,19,0.7532
5942,200,19,0.5162
5260,183,59,0.6520
5261,183,59,0.7193
5514,194,19,0.6543
5515,194,19,0.7496
5516,194,19,0.6937
5517,194,19,0.6456
5518,194,19,0.8299
5519,194,19,0.8945
5520,194,19,0.7883
5521,194,19,0.7759
5522,194,19,0.7629
5523,194,19,0.5917
5707,197,19,0.0999
5708,197,19,0.5813
5709,197,19,0.9123
5710,197,19,0.6516
5711,197,19,0.8305
5712,197,19,0.7847
5713,197,19,0.9172
5714,197,19,0.8330
5715,197,19,0.9128
5716,197,19,0.2058
5943,200,19,0.8769
5944,200,19,0.2869
5945,200,19,0.3939
5262,183,59,0.9694
5263,183,59,0.2366
5264,183,59,0.9391
5265,183,59,0.6290
5266,183,59,0.5982
5267,183,59,0.9613
5268,183,59,0.8886
5269,183,59,0.9334
5270,183,59,0.7359
5271,183,59,0.8796
5524,194,19,0.9513
5525,194,19,0.9679
5526,194,19,0.8799
5527,194,19,0.7979
5528,194,19,0.3295
5529,194,19,0.9428
5530,194,19,0.3670
5531,194,19,0.7080
5532,194,19,0.9392
5533,194,19,0.6257
5717,197,19,0.7778
5718,197,19,0.3292
5719,197,19,0.2275
5720,197,19,0.2350
5721,197,19,0.3083
5722,197,19,0.2014
5723,197,19,0.2237
5724,197,19,0.1198
5725,197,19,0.5206
5726,197,19,0.6280
5946,200,19,0.6367
5947,200,19,0.9713
5948,200,19,0.8695
5949,200,19,0.5003
5950,200,19,0.9362
5951,200,19,0.9683
5952,200,19,0.9759
5953,200,19,0.9833
5954,200,19,0.9852
5272,183,59,0.9855
5273,183,59,0.1733
5274,183,59,0.2267
5275,183,59,0.8686
5276,183,59,0.6407
5277,183,59,0.2218
5278,183,59,0.7573
5279,183,59,0.1446
5280,183,59,0.1230
5281,183,59,0.1708
5534,194,19,0.9689
5535,194,19,0.6298
5536,194,19,0.0710
5537,194,19,0.5439
5538,194,19,0.7352
5539,194,19,0.7410
5727,197,19,0.4608
5728,197,19,0.4086
5729,197,19,0.8313
5730,197,19,0.0407
5731,197,19,0.2755
5732,197,19,0.2407
5733,197,19,0.1370
5734,197,19,0.9087
5735,197,19,0.5816
5736,197,19,0.9179
5955,203,59,0.9681
5956,203,59,0.9207
5957,203,59,0.6474
5282,183,59,0.8644
5283,183,59,0.9405
5284,183,59,0.6445
5285,183,59,0.9635
5286,183,59,0.3429
5287,183,59,0.8382
5288,183,59,0.7088
5289,183,59,0.7905
5290,183,59,0.9735
5291,183,59,0.9841
5540,194,19,0.6642
5541,194,19,0.7094
5542,194,19,0.9544
5543,194,19,0.9660
5544,194,19,0.1837
5545,194,19,0.8300
5546,194,19,0.3904
5547,194,19,0.3811
5548,194,19,0.4676
5549,194,19,0.5548
5737,197,59,0.9036
5958,203,59,0.8817
5959,203,59,0.9888
5960,203,59,0.6660
5961,203,59,0.8887
5962,203,59,0.3846
5963,203,59,0.7714
5292,183,59,0.9548
5293,183,59,0.8957
5294,183,59,0.5225
5295,183,59,0.7200
5296,183,59,0.9403
5297,183,59,0.9064
5298,183,59,0.1994
5299,183,59,0.7369
5300,183,59,0.3334
5301,183,59,0.1777
5550,194,19,0.6484
5551,194,19,0.3183
5552,194,19,0.9599
5553,194,19,0.9610
5554,194,19,0.1608
5555,194,19,0.7475
5556,194,19,0.7885
5738,197,19,0.2843
5739,197,19,0.8789
5740,197,19,0.3686
5741,197,19,0.2416
5742,197,19,0.7599
5743,197,19,0.6707
5744,197,19,0.6637
5745,197,19,0.2919
5746,197,19,0.7858
5747,197,19,0.8322
5964,203,59,0.9285
5965,203,59,0.7729
5966,203,59,0.5157
5967,203,59,0.9695
5968,203,59,0.6364
5969,203,59,0.5834
5970,203,59,0.3801
5971,203,59,0.9595
5972,203,59,0.7724
5973,203,59,0.9471
5302,183,59,0.8917
5303,183,59,0.8233
5304,183,59,0.0670
5305,183,59,0.5300
5306,183,59,0.3561
5307,183,59,0.2778
5308,183,59,0.1302
5309,183,59,0.0490
5310,183,59,0.8098
5311,183,59,0.2147
5557,194,19,0.8085
5558,194,19,0.6180
5559,194,19,0.1378
5560,194,19,0.7875
5561,194,19,0.8989
5562,194,19,0.1592
5563,194,19,0.2611
5564,194,19,0.5075
5565,194,19,0.9687
5566,194,19,0.4115
5748,197,19,0.5019
5749,197,19,0.6178
5750,197,19,0.1162
5751,197,19,0.7897
5752,197,19,0.7199
5753,197,19,0.9523
5754,197,19,0.5109
5755,197,19,0.8367
5756,197,19,0.7069
5757,197,19,0.7937
5974,203,19,0.6956
5975,203,19,0.4499
5976,203,19,0.7978
5977,203,19,0.7220
5312,183,59,0.2660
5313,183,59,0.0950
5314,183,59,0.1760
5315,183,59,0.3482
5316,183,59,0.2358
5317,183,59,0.3270
5318,183,59,0.5546
5319,183,59,0.7175
5320,183,59,0.8797
5321,183,59,0.9444
5567,194,19,0.7014
5568,194,19,0.7893
5569,194,19,0.0837
5570,194,19,0.6874
5571,194,19,0.7495
5572,194,19,0.8640
5573,194,19,0.9045
5574,194,19,0.9769
5575,194,19,0.8624
5576,194,19,0.8306
5758,197,19,0.3371
5759,197,19,0.6109
5760,197,19,0.4682
5761,197,19,0.5255
5762,197,19,0.6872
5763,197,19,0.9040
5764,197,19,0.9759
5765,197,19,0.9883
5766,197,19,0.9895
5767,197,19,0.9919
5978,203,19,0.7000
5979,203,19,0.9625
5980,203,19,0.9810
5981,203,19,0.6549
5982,203,19,0.7603
5983,203,19,0.4208
5984,203,19,0.3202
5985,203,19,0.2321
5322,183,59,0.0554
5323,183,59,0.2748
5324,183,59,0.0673
5325,183,59,0.5769
5326,183,59,0.2812
5327,183,59,0.7246
5328,183,59,0.8085
5329,183,59,0.5931
5330,183,59,0.8815
5768,197,19,0.0409
5769,197,19,0.2090
5770,197,19,0.7921
5771,197,19,0.9042
5772,197,19,0.8195
5773,197,19,0.0895
5774,197,19,0.8201
5775,197,19,0.1279
5776,197,19,0.5046
5777,197,19,0.7664
5986,203,19,0.7211
5987,203,19,0.5232
6010,204,59,0.7673
6011,204,59,0.5867
6012,204,59,0.7493
6013,204,59,0.9459
6014,204,59,0.9718
6015,204,59,0.9358
6016,204,59,0.9581
6017,204,59,0.9432
6018,204,59,0.8502
6019,204,59,0.6719
5331,183,19,0.2802
5332,183,19,0.6209
5333,183,19,0.1209
5334,183,19,0.2338
5335,183,19,0.2583
5336,183,19,0.6119
5337,183,19,0.4313
5338,183,19,0.6435
5339,183,19,0.7382
5340,183,19,0.8659
5778,197,19,0.7488
5779,197,19,0.9103
5780,197,19,0.7248
5781,197,19,0.1438
5782,197,19,0.6872
5783,197,19,0.7270
5784,197,19,0.6637
5785,197,19,0.2949
5786,197,19,0.8643
5787,197,19,0.6969
5988,203,19,0.3608
5989,203,19,0.8667
6020,204,59,0.3921
6021,204,59,0.7601
6022,204,59,0.9766
6023,204,59,0.8862
6024,204,59,0.8841
6025,204,59,0.8262
6026,204,59,0.1340
6027,204,59,0.6582
6028,204,59,0.9549
6029,204,59,0.2668
5341,183,19,0.1150
5342,183,19,0.3533
5343,183,19,0.0825
5344,183,19,0.7521
5345,183,19,0.6531
5346,183,19,0.9189
5347,183,19,0.8016
5348,183,19,0.8468
5349,183,19,0.7967
5350,183,19,0.8817
5788,197,19,0.8106
5789,197,19,0.7157
5790,197,19,0.4777
5791,197,19,0.2537
5792,197,19,0.2188
5793,197,19,0.3487
5794,197,19,0.2398
5795,197,19,0.2317
5796,197,19,0.4860
5797,197,19,0.5894
5990,203,19,0.2382
5991,203,19,0.5429
5992,203,19,0.9649
5993,203,19,0.5223
5994,203,19,0.7394
5995,203,19,0.2565
5996,203,19,0.8490
5997,203,19,0.9593
5998,203,19,0.9826
5999,203,19,0.9784
6030,204,59,0.9672
6031,204,59,0.8902
6032,204,59,0.7924
6033,204,59,0.6933
6034,204,59,0.8694
6035,204,59,0.9694
6036,204,59,0.9739
6037,204,59,0.9356
6038,204,59,0.8661
6039,204,59,0.9610
5351,183,19,0.4292
5352,183,19,0.6417
5353,183,19,0.0991
5354,183,19,0.2088
5355,183,19,0.5935
5356,183,19,0.6504
5357,183,19,0.3475
5358,183,19,0.2682
5359,183,19,0.7723
5798,197,19,0.3586
5799,197,19,0.3495
5800,197,19,0.2170
5801,197,19,0.2565
5802,197,19,0.2402
5803,197,19,0.1756
5804,197,19,0.3014
5805,197,19,0.3382
5806,197,19,0.3608
5807,197,19,0.2410
6000,203,19,0.8928
6001,203,19,0.9822
6002,203,19,0.4616
6003,203,19,0.6384
6004,203,19,0.9452
6005,203,19,0.8214
6006,203,19,0.8453
6007,203,19,0.8154
6008,203,19,0.8845
6009,203,19,0.8662
6040,204,59,0.8820
6041,204,59,0.3020
6042,204,59,0.9409
6043,204,59,0.7828
6044,204,59,0.9635
6045,204,59,0.7467
6046,204,59,0.7619
6047,204,59,0.7487
6048,204,59,0.2129
6049,204,59,0.7886
5808,197,19,0.3569
5809,197,19,0.6473
5810,197,19,0.8614
5811,197,19,0.7651
5812,197,19,0.1315
5813,197,19,0.7766
5814,197,19,0.4193
5815,197,19,0.7933
5816,197,19,0.7003
5817,197,19,0.5190
6050,204,59,0.9645
6051,204,59,0.7212
6052,204,59,0.2090
6053,204,59,0.7918
6054,204,59,0.9266
6055,204,59,0.8014
6056,204,59,0.9311
6057,204,59,0.8161
6058,204,59,0.5577
6059,204,59,0.9309
6079,207,59,0.0756
6080,207,59,0.8793
6180,208,59,0.2527
6181,208,59,0.6702
6182,208,59,0.9021
6183,208,59,0.4786
6184,208,59,0.0289
6185,208,59,0.7837
6186,208,59,0.4381
6187,208,59,0.7835
6188,208,59,0.8030
6189,208,59,0.4343
5818,197,19,0.5410
5819,197,19,0.5257
5820,197,19,0.1650
5821,197,19,0.2172
5822,197,19,0.7583
5823,197,19,0.8639
5824,197,19,0.8119
5825,197,19,0.9007
5826,197,19,0.2031
5827,197,19,0.8478
6060,204,59,0.7435
6061,204,59,0.8955
6062,204,59,0.2314
6063,204,59,0.7490
6064,204,59,0.9535
6065,204,59,0.9610
6066,204,59,0.9673
6067,204,59,0.2799
6068,204,59,0.9153
6069,204,59,0.9713
6081,207,59,0.8941
6082,207,59,0.9569
6083,207,59,0.9751
6084,207,59,0.8711
6085,207,59,0.8275
6086,207,59,0.9549
6087,207,59,0.8122
6088,207,59,0.8744
6089,207,59,0.3056
6090,207,59,0.9226
6190,208,59,0.1641
6191,208,59,0.8904
6192,208,59,0.3994
6193,208,59,0.8013
6194,208,59,0.3465
6195,208,59,0.3336
6196,208,59,0.4909
6197,208,59,0.7412
6198,208,59,0.4790
6199,208,59,0.7186
5828,197,19,0.8104
5829,197,19,0.5815
5830,197,19,0.7868
5831,197,19,0.6810
5832,197,19,0.6675
5833,197,19,0.9279
5834,197,19,0.0872
5835,197,19,0.6011
5836,197,19,0.4020
5837,197,19,0.2014
6070,204,19,0.9350
6071,204,19,0.9135
6072,204,19,0.9754
6073,204,19,0.8068
6074,204,19,0.9735
6075,204,19,0.9646
6076,204,19,0.9857
6077,204,19,0.9821
6078,204,19,0.9591
6091,207,59,0.8104
6092,207,59,0.9803
6093,207,59,0.9509
6094,207,59,0.7291
6095,207,59,0.9781
6096,207,59,0.9847
6097,207,59,0.5826
6098,207,59,0.9495
6099,207,59,0.9583
6100,207,59,0.2055
6200,208,59,0.8834
6201,208,59,0.8927
6202,208,59,0.9525
6203,208,59,0.8727
6204,208,59,0.6231
6205,208,59,0.7264
6206,208,59,0.6925
6207,208,59,0.8108
6208,208,59,0.4031
6209,208,59,0.6246
5838,197,19,0.3475
5839,197,19,0.4377
5840,197,19,0.2380
5841,197,19,0.2202
5842,197,19,0.3994
5843,197,19,0.7686
5844,197,19,0.9343
5845,197,19,0.8084
5846,197,19,0.9268
5847,197,19,0.5557
6101,207,19,0.5881
6102,207,19,0.7732
6103,207,19,0.5469
6104,207,19,0.9131
6105,207,19,0.5041
6106,207,19,0.9790
6107,207,19,0.5428
6108,207,19,0.3170
6109,207,19,0.2337
6110,207,19,0.4788
6210,208,59,0.2026
6211,208,59,0.8336
6212,208,59,0.3910
6213,208,59,0.3828
6214,208,59,0.4944
6215,208,59,0.8493
6216,208,59,0.7738
6217,208,59,0.7945
6218,208,59,0.7785
6219,208,59,0.8874
5848,197,19,0.9200
5849,197,19,0.6352
5850,197,19,0.7565
5851,197,19,0.6641
5852,197,19,0.6536
5853,197,19,0.2848
5854,197,19,0.8746
5855,197,19,0.9196
5856,197,19,0.9704
5857,197,19,0.9747
6111,207,19,0.6324
6112,207,19,0.2178
6113,207,19,0.8450
6114,207,19,0.9701
6115,207,19,0.2002
6116,207,19,0.2487
6117,207,19,0.0695
6118,207,19,0.6287
6119,207,19,0.2661
6220,208,59,0.1397
6221,208,59,0.1426
6222,208,59,0.7385
6223,208,59,0.7802
6224,208,59,0.7527
6225,208,59,0.5753
6226,208,59,0.7764
6227,208,59,0.7217
6228,208,59,0.9710
6229,208,59,0.4309
5858,197,19,0.2647
5859,197,19,0.2853
5860,197,19,0.5794
5861,197,19,0.7088
5862,197,19,0.2621
5863,197,19,0.3988
5864,197,19,0.7398
5865,197,19,0.2555
5866,197,19,0.6678
5867,197,19,0.7197
6120,207,19,0.2460
6121,207,19,0.7272
6230,208,59,0.6209
6231,208,59,0.5103
6232,208,59,0.9163
6233,208,59,0.9609
6234,208,59,0.9837
6235,208,59,0.9830
6236,208,59,0.9844
6237,208,59,0.9876
6238,208,59,0.9838
5868,197,19,0.7611
5869,197,19,0.4450
5870,197,19,0.9249
5871,197,19,0.9654
5872,197,19,0.6766
5873,197,19,0.9083
5874,197,19,0.7977
5875,197,19,0.7325
5876,197,19,0.0308
5877,197,19,0.5192
6122,207,19,0.9097
6123,207,19,0.8869
6124,207,19,0.8499
6125,207,19,0.9513
6126,207,19,0.9794
6127,207,19,0.9320
6128,207,19,0.9730
6129,207,19,0.7704
6130,207,19,0.9551
6131,207,19,0.3620
6239,208,19,0.4737
6240,208,19,0.2668
6241,208,19,0.4121
6242,208,19,0.4810
6243,208,19,0.7891
6244,208,19,0.9073
6245,208,19,0.7935
6246,208,19,0.8543
6247,208,19,0.7637
6248,208,19,0.9193
5878,197,19,0.9323
5879,197,19,0.7285
5880,197,19,0.3441
5881,197,19,0.8204
5882,197,19,0.7986
5883,197,19,0.1937
5884,197,19,0.2889
5885,197,19,0.3985
5886,197,19,0.7730
5887,197,19,0.1939
6132,207,19,0.5645
6133,207,19,0.9602
6134,207,19,0.8550
6135,207,19,0.4932
6136,207,19,0.7558
6137,207,19,0.3418
6138,207,19,0.7774
6139,207,19,0.8427
6140,207,19,0.6320
6141,207,19,0.9065
6249,208,19,0.4287
6250,208,19,0.5732
6251,208,19,0.4713
6252,208,19,0.4863
6253,208,19,0.6974
6254,208,19,0.6513
6255,208,19,0.4990
6256,208,19,0.9511
6257,208,19,0.8560
6142,207,19,0.8660
6143,207,19,0.7638
6144,207,19,0.2520
6145,207,19,0.7209
6146,207,19,0.9579
6147,207,19,0.9803
6148,207,19,0.8318
6149,207,19,0.2009
6150,207,19,0.8300
6151,207,19,0.5703
6258,208,59,0.1051
6152,207,19,0.7434
6153,207,19,0.7682
6154,207,19,0.8990
6155,207,19,0.6246
6156,207,19,0.8347
6157,207,19,0.6690
6158,207,19,0.5204
6159,207,19,0.7801
6160,207,19,0.4247
6161,207,19,0.9700
6162,207,19,0.8454
6163,207,19,0.2837
6164,207,19,0.7055
6165,207,19,0.1720
6166,207,19,0.4651
6167,207,19,0.3384
6168,207,19,0.6239
6169,207,19,0.7887
6170,207,19,0.7732
6171,207,19,0.8216
6172,207,19,0.9701
6173,207,19,0.8893
6174,207,19,0.9737
6175,207,19,0.3719
6176,207,19,0.9733
6177,207,19,0.3637
6178,207,19,0.9702
6179,207,19,0.9577
