ID,User_ID,Bot_Strategy,Accuracy
0,210,132,0.8819
1,210,132,0.8719
2,210,132,0.9666
3,210,132,0.9806
4,210,132,0.8443
5,210,132,0.7474
6,210,132,0.8045
7,210,132,0.9780
8,210,132,0.3168
9,210,132,0.2676
967,211,132,0.9369
1411,212,132,0.9752
1412,212,132,0.8884
1413,212,132,0.9214
1414,212,132,0.9695
1415,212,132,0.5160
1416,212,132,0.9733
1417,212,132,0.8426
1418,212,132,0.9746
1419,212,132,0.7146
1420,212,132,0.9620
1641,213,132,0.7426
1642,213,132,0.8868
1643,213,132,0.0432
1644,213,132,0.9812
1645,213,132,0.2527
1646,213,132,0.9152
1647,213,132,0.5982
1648,213,132,0.7968
1649,213,132,0.7169
1650,213,132,0.8765
10,210,132,0.9309
11,210,132,0.9754
12,210,132,0.3509
13,210,132,0.4895
14,210,132,0.4490
15,210,132,0.9445
16,210,132,0.9920
17,210,132,0.9019
18,210,132,0.9914
19,210,132,0.9943
968,211,132,0.9506
969,211,132,0.9871
970,211,132,0.9839
971,211,132,0.2873
972,211,132,0.2457
973,211,132,0.9751
974,211,132,0.8700
975,211,132,0.6306
976,211,132,0.4370
977,211,132,0.9535
1421,212,132,0.9254
1422,212,132,0.8732
1423,212,132,0.3297
1424,212,132,0.9791
1651,213,132,0.9702
20,210,132,0.9017
21,210,132,0.9197
22,210,132,0.0433
23,210,132,0.0957
978,211,132,0.8792
979,211,132,0.6736
980,211,132,0.9808
981,211,132,0.9151
982,211,132,0.2359
983,211,132,0.9833
984,211,132,0.9853
985,211,132,0.3974
986,211,132,0.4781
987,211,132,0.9290
1425,212,132,0.9512
1426,212,132,0.9571
1427,212,132,0.9919
1428,212,132,0.9090
1429,212,132,0.8920
1430,212,132,0.9756
1431,212,132,0.8603
1432,212,132,0.9711
1433,212,132,0.0112
1434,212,132,0.9538
1652,213,132,0.8897
24,210,132,0.9523
25,210,132,0.9865
26,210,132,0.9358
27,210,132,0.9793
28,210,132,0.9897
29,210,132,0.9791
30,210,132,0.8099
31,210,132,0.9802
32,210,132,0.9541
33,210,132,0.3399
988,211,132,0.9497
989,211,132,0.7753
990,211,132,0.9776
991,211,132,0.4566
992,211,132,0.8395
1435,212,132,0.9100
1436,212,132,0.9872
1437,212,132,0.9773
1438,212,132,0.9798
1439,212,132,0.9434
1440,212,132,0.8405
1441,212,132,0.9865
1442,212,132,0.8199
1443,212,132,0.7291
1444,212,132,0.9397
1653,213,132,0.5220
1654,213,132,0.9575
1655,213,132,0.0468
1656,213,132,0.9787
34,210,132,0.8288
35,210,132,0.7658
36,210,132,0.6889
37,210,132,0.8820
38,210,132,0.3319
39,210,132,0.5031
993,211,132,0.6714
994,211,132,0.9222
995,211,132,0.7648
996,211,132,0.1612
997,211,132,0.1900
1445,212,132,0.8546
1446,212,132,0.9633
1447,212,132,0.6318
1448,212,132,0.1056
1449,212,132,0.9673
1657,213,132,0.9719
1658,213,132,0.9642
1659,213,132,0.9813
1660,213,132,0.4909
1661,213,132,0.9235
1662,213,132,0.5046
1663,213,132,0.9618
1664,213,132,0.9596
1665,213,132,0.9809
1666,213,132,0.9397
40,210,132,0.9370
41,210,132,0.8332
42,210,132,0.7970
43,210,132,0.3367
998,211,132,0.9121
999,211,132,0.1905
1000,211,132,0.4586
1001,211,132,0.6331
1002,211,132,0.5062
1003,211,132,0.7720
1004,211,132,0.9764
1005,211,132,0.2614
1006,211,132,0.8299
1007,211,132,0.8930
1450,212,132,0.9733
1451,212,132,0.9646
1452,212,132,0.9854
1453,212,132,0.9841
1454,212,132,0.9730
1455,212,132,0.9865
1456,212,132,0.9844
1457,212,132,0.6122
1458,212,132,0.6574
1459,212,132,0.9830
1667,213,132,0.4184
1668,213,132,0.9796
1669,213,132,0.6219
1670,213,132,0.9764
1671,213,132,0.2406
1672,213,132,0.9424
1673,213,132,0.9778
1674,213,132,0.9809
1675,213,132,0.8690
1676,213,132,0.5147
44,210,132,0.9472
45,210,132,0.9575
46,210,132,0.9642
47,210,132,0.9226
48,210,132,0.9815
49,210,132,0.9750
50,210,132,0.9475
51,210,132,0.9828
52,210,132,0.9569
53,210,132,0.6857
1008,211,132,0.8870
1009,211,132,0.6330
1010,211,132,0.9844
1011,211,132,0.9746
1012,211,132,0.9786
1013,211,132,0.9896
1014,211,132,0.9041
1015,211,132,0.6274
1016,211,132,0.7400
1017,211,132,0.9147
1460,212,23,0.8285
1461,212,23,0.9299
1462,212,23,0.6463
1463,212,23,0.9858
1464,212,23,0.9867
1465,212,23,0.6019
1466,212,23,0.9022
1467,212,23,0.9805
1468,212,23,0.9711
1469,212,23,0.4955
1677,213,23,0.7710
1678,213,23,0.4527
1679,213,23,0.7541
1680,213,23,0.2468
1681,213,23,0.5681
1682,213,23,0.5003
1683,213,23,0.5206
1684,213,23,0.6460
1685,213,23,0.6932
1686,213,23,0.6096
54,210,23,0.7707
55,210,23,0.8032
56,210,23,0.3442
57,210,23,0.5692
58,210,23,0.8488
59,210,23,0.8415
60,210,23,0.9246
61,210,23,0.8591
62,210,23,0.9216
63,210,23,0.8742
1018,211,132,0.9814
1019,211,132,0.3859
1020,211,132,0.6411
1470,212,23,0.8750
1471,212,23,0.9591
1472,212,23,0.5406
1473,212,23,0.5731
1474,212,23,0.6953
1475,212,23,0.3048
1476,212,23,0.3327
1687,213,23,0.5997
1688,213,23,0.7168
1689,213,23,0.4548
1690,213,23,0.6064
1691,213,23,0.6644
1692,213,23,0.7871
1693,213,23,0.9439
1694,213,23,0.9401
1695,213,23,0.9176
1696,213,23,0.9425
64,210,23,0.8640
65,210,23,0.7115
66,210,23,0.9025
67,210,23,0.8058
1021,211,132,0.9164
1022,211,132,0.7900
1023,211,132,0.7970
1024,211,132,0.6957
1477,212,23,0.6641
1478,212,23,0.7871
1697,213,23,0.8298
1698,213,23,0.8119
68,210,23,0.9096
69,210,23,0.5798
70,210,23,0.7463
1025,211,132,0.8710
1026,211,132,0.8502
1027,211,132,0.1351
1028,211,132,0.6569
1029,211,132,0.0254
1479,212,23,0.9096
1480,212,23,0.9839
1481,212,23,0.9290
1482,212,23,0.7634
1483,212,23,0.7655
1484,212,23,0.4518
1485,212,23,0.9640
1486,212,23,0.9823
1487,212,23,0.9631
1488,212,23,0.9883
1699,213,23,0.7340
1700,213,23,0.8076
71,210,23,0.6581
72,210,23,0.8069
1030,211,132,0.5870
1031,211,132,0.9274
1032,211,132,0.8450
1033,211,132,0.3796
1034,211,132,0.8520
1035,211,132,0.3439
1036,211,132,0.7864
1037,211,132,0.9829
1038,211,132,0.6014
1039,211,132,0.9910
1489,212,107,0.8518
1490,212,107,0.8680
1491,212,107,0.9709
1492,212,107,0.9842
1493,212,107,0.9698
1494,212,107,0.9942
1495,212,107,0.5857
1496,212,107,0.9297
1497,212,107,0.9726
1701,213,23,0.6618
1702,213,23,0.7216
73,210,23,0.9037
74,210,23,0.4435
75,210,23,0.6808
1040,211,132,0.4852
1041,211,132,0.9853
1042,211,132,0.7469
1043,211,132,0.1631
1044,211,132,0.6149
1498,212,43,0.9136
1499,212,43,0.7720
1500,212,43,0.8304
1501,212,43,0.9811
1502,212,43,0.9721
1503,212,43,0.3972
1504,212,43,0.6119
1505,212,43,0.7166
1506,212,43,0.6061
1703,213,23,0.5327
1704,213,23,0.7571
76,210,23,0.9140
77,210,23,0.5836
78,210,23,0.9800
79,210,23,0.9755
80,210,23,0.9838
81,210,23,0.6361
82,210,23,0.6070
1045,211,132,0.7581
1046,211,132,0.9767
1047,211,132,0.9875
1048,211,132,0.9821
1049,211,132,0.7139
1050,211,132,0.3622
1507,212,43,0.9144
1508,212,43,0.9815
1509,212,43,0.9162
1510,212,43,0.9604
1705,213,23,0.9100
1706,213,23,0.2665
1707,213,23,0.9704
1708,213,23,0.3497
1709,213,23,0.9800
1710,213,23,0.9383
1711,213,23,0.9130
1712,213,23,0.7608
1713,213,23,0.1103
1714,213,23,0.9565
83,210,23,0.9479
84,210,23,0.9651
85,210,23,0.7056
1051,211,132,0.9645
1052,211,132,0.9130
1053,211,132,0.2597
1054,211,132,0.8241
1511,212,43,0.8794
1512,212,43,0.9715
1513,212,43,0.8666
1514,212,43,0.8066
1515,212,43,0.8327
1516,212,43,0.8813
1517,212,43,0.3372
1518,212,43,0.8704
1519,212,43,0.9689
1520,212,43,0.9431
1715,213,23,0.9181
1716,213,23,0.9372
1717,213,23,0.8245
1718,213,23,0.5633
86,210,23,0.9541
87,210,23,0.9730
88,210,23,0.5426
1055,211,132,0.8981
1056,211,132,0.4977
1057,211,132,0.2046
1521,212,43,0.9138
1522,212,43,0.9275
1523,212,43,0.9892
1524,212,43,0.8365
1525,212,43,0.9839
1526,212,43,0.1880
1527,212,43,0.6830
1528,212,43,0.8889
1719,213,23,0.9445
1720,213,23,0.9686
1721,213,23,0.7695
1722,213,23,0.5444
89,210,23,0.8950
90,210,23,0.8193
1058,211,132,0.8450
1059,211,132,0.9614
1060,211,132,0.9781
1061,211,132,0.0124
1062,211,132,0.8783
1529,212,43,0.7302
1530,212,43,0.0327
1531,212,43,0.5835
1723,213,23,0.8443
1724,213,23,0.9690
1725,213,23,0.8143
91,210,23,0.7547
92,210,23,0.9805
93,210,23,0.5475
1063,211,132,0.7794
1064,211,132,0.5861
1065,211,132,0.6244
1066,211,132,0.7847
1067,211,132,0.9072
1068,211,132,0.9653
1069,211,132,0.4575
1070,211,132,0.8623
1071,211,132,0.9743
1072,211,132,0.9301
1532,212,43,0.9147
1533,212,43,0.6685
1534,212,43,0.7589
1535,212,43,0.9220
1536,212,43,0.7213
1537,212,43,0.9740
1538,212,43,0.8376
1539,212,43,0.9376
1540,212,43,0.9456
1726,213,23,0.9317
1727,213,23,0.1484
1728,213,23,0.3042
94,210,23,0.5752
95,210,23,0.4476
96,210,23,0.4356
1073,211,132,0.2416
1074,211,132,0.6458
1541,212,17,0.8485
1542,212,17,0.6724
1729,213,23,0.4564
1730,213,23,0.0444
1731,213,23,0.7954
97,210,23,0.6891
98,210,23,0.9847
99,210,23,0.9789
100,210,23,0.9887
101,210,23,0.8876
102,210,23,0.4114
103,210,23,0.9421
104,210,23,0.2498
105,210,23,0.9177
106,210,23,0.9920
1075,211,132,0.8375
1076,211,132,0.9843
1077,211,132,0.9595
1078,211,132,0.7489
1079,211,132,0.9740
1080,211,132,0.0876
1081,211,132,0.7513
1543,212,17,0.4504
1544,212,17,0.5349
1732,213,23,0.9662
1733,213,23,0.9834
1734,213,23,0.9770
1735,213,23,0.4841
107,210,23,0.7854
108,210,23,0.6945
1082,211,132,0.9739
1083,211,132,0.9855
1084,211,132,0.4874
1085,211,132,0.9074
1086,211,132,0.9757
1087,211,132,0.9764
1088,211,132,0.8627
1089,211,132,0.0690
1090,211,132,0.9795
1545,212,17,0.8646
1546,212,17,0.5993
1547,212,17,0.8839
1736,213,23,0.1646
1737,213,23,0.6483
109,210,23,0.7326
110,210,23,0.5466
111,210,23,0.2248
112,210,23,0.3574
113,210,23,0.1837
114,210,23,0.6579
115,210,23,0.7322
116,210,23,0.2060
117,210,23,0.4154
118,210,23,0.1849
1091,211,132,0.8610
1092,211,132,0.8833
1093,211,132,0.8802
1094,211,132,0.9722
1095,211,132,0.6667
1096,211,132,0.8821
1548,212,17,0.5155
1549,212,17,0.9374
1550,212,17,0.1561
1738,213,23,0.4569
1739,213,23,0.9639
1740,213,23,0.9600
1741,213,23,0.9496
1742,213,23,0.7302
119,210,23,0.6834
120,210,23,0.9017
121,210,23,0.7767
1097,211,132,0.9520
1098,211,132,0.9589
1099,211,132,0.6148
1100,211,132,0.8949
1101,211,132,0.9692
1102,211,132,0.9902
1103,211,132,0.9688
1104,211,132,0.9838
1105,211,132,0.9733
1106,211,132,0.3218
1551,212,17,0.6900
1552,212,17,0.9767
1553,212,17,0.4345
1554,212,17,0.5387
1555,212,17,0.8802
1556,212,17,0.9840
1557,212,17,0.5339
1558,212,17,0.9471
1559,212,17,0.6286
1560,212,17,0.5730
1743,213,23,0.9159
1744,213,23,0.9031
122,210,23,0.6764
123,210,23,0.6474
124,210,23,0.8500
125,210,23,0.8391
126,210,23,0.9287
127,210,23,0.6300
128,210,23,0.9062
129,210,23,0.5821
130,210,23,0.9204
131,210,23,0.9018
1107,211,132,0.9174
1108,211,132,0.9561
1109,211,132,0.1917
1110,211,132,0.8403
1111,211,132,0.1997
1112,211,132,0.6861
1113,211,132,0.6731
1561,212,17,0.4806
1562,212,17,0.8082
1745,213,23,0.6233
1746,213,23,0.9793
1747,213,23,0.3528
1748,213,23,0.1507
132,210,23,0.9044
133,210,23,0.9219
134,210,23,0.9696
135,210,23,0.6529
136,210,23,0.8406
137,210,23,0.9531
138,210,23,0.6235
139,210,23,0.9837
140,210,23,0.8956
141,210,23,0.4059
1114,211,132,0.1633
1115,211,132,0.6886
1563,212,17,0.5856
1564,212,17,0.6943
1749,213,23,0.5589
1750,213,23,0.0364
1751,213,23,0.5963
1752,213,23,0.3672
1753,213,23,0.8360
1754,213,23,0.5050
1755,213,23,0.9790
1756,213,23,0.8611
1757,213,23,0.6889
142,210,23,0.9760
143,210,23,0.6045
144,210,23,0.4284
145,210,23,0.8548
1116,211,132,0.7639
1117,211,132,0.3233
1118,211,132,0.9324
1119,211,132,0.5979
1120,211,132,0.4053
1121,211,132,0.0308
1565,212,17,0.8624
1566,212,17,0.6759
1567,212,17,0.9844
1568,212,17,0.7030
1569,212,17,0.7141
1570,212,17,0.6572
1571,212,17,0.9808
1572,212,17,0.3201
1573,212,17,0.1278
1758,213,107,0.8201
1759,213,107,0.8999
1760,213,107,0.7876
1761,213,107,0.7187
1762,213,107,0.8531
1763,213,107,0.6827
1764,213,107,0.5259
1765,213,107,0.0651
1766,213,107,0.8904
1767,213,107,0.9585
146,210,23,0.3950
147,210,23,0.9071
148,210,23,0.9865
149,210,23,0.8374
150,210,23,0.4039
151,210,23,0.7995
152,210,23,0.5819
153,210,23,0.6511
154,210,23,0.2013
155,210,23,0.9676
1122,211,132,0.8736
1123,211,132,0.9563
1124,211,132,0.9781
1125,211,132,0.7328
1126,211,132,0.6828
1127,211,132,0.9431
1128,211,132,0.7503
1129,211,132,0.9604
1130,211,132,0.9757
1131,211,132,0.3173
1574,212,17,0.4040
1575,212,17,0.6802
1768,213,107,0.9547
1769,213,107,0.9434
1770,213,107,0.9636
1771,213,107,0.8749
1772,213,107,0.9677
1773,213,107,0.9493
1774,213,107,0.9842
1775,213,107,0.8983
1776,213,107,0.7840
156,210,23,0.6944
157,210,23,0.5226
1132,211,132,0.9039
1133,211,132,0.1605
1134,211,132,0.5143
1576,212,17,0.9062
1577,212,17,0.9226
1578,212,17,0.8117
1579,212,17,0.1371
1777,213,43,0.9449
1778,213,43,0.6809
1779,213,43,0.6134
1780,213,43,0.7481
1781,213,43,0.6358
1782,213,43,0.3300
1783,213,43,0.8292
158,210,23,0.6457
159,210,23,0.9504
160,210,23,0.9716
161,210,23,0.9853
162,210,23,0.9471
1135,211,132,0.3622
1136,211,132,0.8112
1580,212,17,0.5521
1581,212,17,0.9653
1582,212,17,0.8476
1583,212,17,0.6279
1584,212,17,0.5471
1585,212,17,0.6450
1586,212,17,0.8293
1587,212,17,0.9867
1588,212,17,0.6322
1784,213,43,0.7871
1785,213,43,0.9758
1786,213,43,0.7564
1787,213,43,0.3953
163,210,23,0.9449
164,210,23,0.9745
165,210,23,0.5999
1137,211,132,0.8571
1138,211,132,0.9045
1139,211,132,0.5957
1140,211,132,0.9856
1141,211,132,0.8767
1142,211,132,0.9268
1143,211,132,0.8173
1144,211,132,0.7146
1589,212,17,0.8825
1590,212,17,0.6970
1788,213,43,0.9669
1789,213,43,0.9652
1790,213,43,0.7056
1791,213,43,0.5196
1792,213,43,0.4016
166,210,23,0.8349
167,210,23,0.5211
168,210,23,0.9749
169,210,23,0.0492
170,210,23,0.9306
171,210,23,0.6130
172,210,23,0.9467
173,210,23,0.9561
174,210,23,0.9511
175,210,23,0.9122
1145,211,132,0.6795
1146,211,132,0.9081
1147,211,132,0.6654
1148,211,132,0.6720
1149,211,132,0.3230
1150,211,132,0.7868
1591,212,17,0.7615
1592,212,17,0.9270
1593,212,17,0.9424
1594,212,17,0.2041
1793,213,43,0.9614
1794,213,43,0.8759
1795,213,43,0.9746
1796,213,43,0.4473
1797,213,43,0.9080
1798,213,43,0.9305
1799,213,43,0.9346
1800,213,43,0.9824
1801,213,43,0.9712
176,210,23,0.4180
177,210,23,0.6040
178,210,23,0.3102
179,210,23,0.7901
180,210,23,0.6779
1151,211,132,0.1109
1595,212,17,0.9312
1596,212,17,0.9837
1597,212,17,0.8366
1802,213,17,0.7982
1803,213,17,0.5704
181,210,23,0.3520
182,210,23,0.7241
1152,211,132,0.9524
1153,211,132,0.5745
1154,211,132,0.9717
1155,211,132,0.9802
1156,211,132,0.9068
1157,211,132,0.9645
1158,211,132,0.9864
1159,211,132,0.6102
1160,211,132,0.9868
1161,211,132,0.9768
1598,212,17,0.3594
1599,212,17,0.7238
1804,213,17,0.9538
1805,213,17,0.8305
1806,213,17,0.4531
183,210,23,0.9789
184,210,23,0.9361
185,210,23,0.0292
186,210,23,0.4865
1162,211,23,0.8063
1163,211,23,0.0425
1164,211,23,0.7852
1165,211,23,0.9808
1166,211,23,0.9252
1167,211,23,0.7146
1168,211,23,0.8897
1169,211,23,0.9847
1170,211,23,0.9506
1171,211,23,0.9764
1600,212,17,0.5574
1601,212,17,0.8532
1602,212,17,0.9795
1603,212,17,0.8799
1604,212,17,0.3260
1605,212,17,0.8963
1606,212,17,0.9756
1607,212,17,0.9750
1608,212,17,0.8396
1609,212,17,0.7693
1807,213,17,0.9166
1808,213,17,0.9366
1809,213,17,0.7153
1810,213,17,0.2283
187,210,23,0.2403
1172,211,23,0.4118
1173,211,23,0.7751
1174,211,23,0.3374
1175,211,23,0.7604
1176,211,23,0.9529
1177,211,23,0.9852
1178,211,23,0.0072
1179,211,23,0.0380
1180,211,23,0.6654
1181,211,23,0.4923
1610,212,93,0.8919
1611,212,93,0.9612
1612,212,93,0.9082
1613,212,93,0.8467
1614,212,93,0.0211
1615,212,93,0.9566
1616,212,93,0.3774
1617,212,93,0.6369
1811,213,17,0.9394
1812,213,17,0.7118
188,210,23,0.8392
189,210,23,0.6848
1182,211,23,0.8595
1183,211,23,0.6803
1184,211,23,0.6083
1185,211,23,0.6952
1186,211,23,0.1295
1187,211,23,0.8363
1188,211,23,0.9158
1189,211,23,0.1254
1190,211,23,0.5031
1191,211,23,0.7982
1618,212,93,0.4155
1619,212,93,0.8348
1813,213,17,0.3443
1814,213,17,0.6529
190,210,23,0.4553
191,210,23,0.8050
192,210,23,0.9440
193,210,23,0.0401
194,210,23,0.2874
1192,211,23,0.7094
1193,211,23,0.7014
1194,211,23,0.7491
1195,211,23,0.4000
1196,211,23,0.7084
1197,211,23,0.5195
1198,211,23,0.9321
1199,211,23,0.8738
1200,211,23,0.7078
1201,211,23,0.8789
1620,212,93,0.5539
1621,212,93,0.9128
1622,212,93,0.2401
1623,212,93,0.8497
1815,213,17,0.9423
1816,213,17,0.4333
1817,213,17,0.5599
1818,213,17,0.8213
195,210,23,0.9122
196,210,23,0.7525
1202,211,23,0.8919
1203,211,23,0.8469
1624,212,93,0.6029
1625,212,93,0.8986
1819,213,17,0.8348
1820,213,17,0.6883
197,210,23,0.8843
198,210,23,0.8912
1204,211,23,0.7554
1205,211,23,0.9823
1206,211,23,0.9842
1207,211,23,0.9887
1208,211,23,0.9829
1209,211,23,0.0681
1210,211,23,0.4921
1211,211,23,0.9009
1212,211,23,0.9172
1213,211,23,0.9782
1626,212,107,0.1293
1821,213,17,0.6102
1822,213,17,0.7230
199,210,23,0.1519
200,210,23,0.6077
1214,211,23,0.8564
1215,211,23,0.6925
1216,211,23,0.9464
1627,212,93,0.6938
1628,212,93,0.7095
1823,213,17,0.7615
1824,213,17,0.3984
1825,213,17,0.9029
201,210,23,0.9060
202,210,23,0.9743
203,210,23,0.5997
204,210,23,0.8826
205,210,23,0.9846
206,210,23,0.9821
207,210,23,0.4390
208,210,23,0.8845
209,210,23,0.3292
210,210,23,0.0412
1217,211,23,0.9274
1218,211,23,0.2781
1219,211,23,0.8274
1220,211,23,0.8264
1221,211,23,0.5375
1222,211,23,0.9711
1223,211,23,0.9918
1224,211,23,0.9943
1225,211,23,0.9953
1226,211,23,0.9954
1629,212,93,0.6236
1630,212,93,0.0906
1631,212,93,0.5768
1826,213,17,0.7791
1827,213,17,0.6271
211,210,23,0.8673
212,210,23,0.6762
1227,211,23,0.5349
1228,211,23,0.8377
1229,211,23,0.7395
1230,211,23,0.5928
1231,211,23,0.6753
1232,211,23,0.9689
1233,211,23,0.9914
1234,211,23,0.9928
1235,211,23,0.9933
1236,211,23,0.9934
1632,212,93,0.5519
1633,212,93,0.9820
1634,212,93,0.9648
1635,212,93,0.9852
1636,212,93,0.8147
1637,212,93,0.9612
1638,212,93,0.9428
1639,212,93,0.6926
1640,212,93,0.9736
1828,213,17,0.6185
1829,213,17,0.8293
1830,213,17,0.2607
1831,213,17,0.4468
1832,213,17,0.9817
1833,213,17,0.7459
1834,213,17,0.9021
1835,213,17,0.5559
1836,213,17,0.9809
213,210,23,0.9498
214,210,23,0.7770
215,210,23,0.9860
216,210,23,0.9586
217,210,23,0.2598
1237,211,107,0.8732
1238,211,107,0.9569
1239,211,107,0.7679
1240,211,107,0.5504
1241,211,107,0.9635
1242,211,107,0.0178
1243,211,107,0.6657
1244,211,107,0.7335
1245,211,107,0.9506
1246,211,107,0.3609
1837,213,93,0.6281
1838,213,93,0.9559
1839,213,93,0.9646
1840,213,93,0.9846
1841,213,93,0.9859
1842,213,93,0.9741
1843,213,93,0.9772
1844,213,93,0.3847
1845,213,93,0.7618
1846,213,93,0.9638
1888,214,132,0.2662
1889,214,132,0.8376
1890,214,132,0.1389
1891,214,132,0.6195
1892,214,132,0.0266
1893,214,132,0.9582
1894,214,132,0.9782
1895,214,132,0.5120
1896,214,132,0.8455
1897,214,132,0.6716
218,210,23,0.8209
219,210,23,0.4219
220,210,23,0.8880
221,210,23,0.8380
222,210,23,0.1953
1247,211,107,0.9816
1248,211,107,0.9504
1249,211,107,0.9738
1250,211,107,0.9696
1251,211,107,0.4206
1252,211,107,0.7839
1253,211,107,0.0725
1254,211,107,0.8915
1255,211,107,0.6639
1256,211,107,0.7895
1847,213,93,0.3231
1848,213,93,0.6345
1898,214,132,0.2552
1899,214,132,0.2522
1900,214,132,0.9395
1901,214,132,0.9778
1902,214,132,0.9627
1903,214,132,0.9811
1904,214,132,0.9805
1905,214,132,0.9460
1906,214,132,0.9745
1907,214,132,0.8563
223,210,23,0.6387
224,210,23,0.7723
225,210,23,0.8279
226,210,23,0.8689
227,210,23,0.7537
228,210,23,0.4838
229,210,23,0.8333
1257,211,107,0.8615
1258,211,107,0.9789
1259,211,107,0.9728
1260,211,107,0.9831
1261,211,107,0.9833
1262,211,107,0.9855
1263,211,107,0.4701
1264,211,107,0.9818
1265,211,107,0.9819
1849,213,93,0.8494
1850,213,93,0.3085
1851,213,93,0.9572
1852,213,93,0.7615
1853,213,93,0.9390
1908,214,132,0.9595
1909,214,132,0.8251
1910,214,132,0.5339
1911,214,132,0.9482
1912,214,132,0.9552
1913,214,132,0.9768
1914,214,132,0.1345
1915,214,132,0.5804
1916,214,132,0.9289
1917,214,132,0.9769
230,210,23,0.9197
231,210,23,0.2319
232,210,23,0.9643
233,210,23,0.9250
234,210,23,0.9748
235,210,23,0.9435
236,210,23,0.0519
1266,211,107,0.0276
1854,213,93,0.7117
1855,213,93,0.6046
1918,214,132,0.9357
1919,214,132,0.9756
1920,214,132,0.9811
1921,214,132,0.9866
1922,214,132,0.2359
1923,214,132,0.9285
1924,214,132,0.9493
1925,214,132,0.9628
1926,214,132,0.9401
1927,214,132,0.9737
237,210,23,0.1514
238,210,23,0.6852
1267,211,43,0.9302
1268,211,43,0.9745
1269,211,43,0.9079
1270,211,43,0.0438
1271,211,43,0.8589
1272,211,43,0.2516
1273,211,43,0.2311
1274,211,43,0.8812
1275,211,43,0.9599
1276,211,43,0.9887
1856,213,93,0.7746
1857,213,93,0.0532
1858,213,93,0.9817
1859,213,93,0.7665
1860,213,93,0.9774
1861,213,93,0.3300
1862,213,93,0.9727
1863,213,93,0.9800
1864,213,93,0.0444
1928,214,132,0.9353
1929,214,132,0.1729
1930,214,132,0.6501
1931,214,132,0.5738
1932,214,132,0.7859
1933,214,132,0.9590
1934,214,132,0.7107
1935,214,132,0.8620
1936,214,132,0.9704
1937,214,132,0.2632
239,210,23,0.7111
240,210,23,0.9110
241,210,23,0.0268
242,210,23,0.5735
243,210,23,0.8971
244,210,23,0.9770
245,210,23,0.9329
246,210,23,0.6469
247,210,23,0.9804
248,210,23,0.9733
1277,211,43,0.6884
1278,211,43,0.7386
1279,211,43,0.7977
1865,213,93,0.9475
1866,213,93,0.9781
1867,213,93,0.8804
1868,213,93,0.1578
1869,213,93,0.4212
1870,213,93,0.1327
1938,214,132,0.9679
1939,214,132,0.9618
1940,214,132,0.9775
1941,214,132,0.9479
1942,214,132,0.4300
1943,214,132,0.9859
1944,214,132,0.5988
1945,214,132,0.8183
1946,214,132,0.9760
1947,214,132,0.9804
249,210,23,0.6285
250,210,23,0.6524
1280,211,43,0.1015
1281,211,43,0.8739
1871,213,93,0.4903
1872,213,93,0.9746
1873,213,93,0.5574
1874,213,93,0.2117
1948,214,23,0.8387
1949,214,23,0.3166
1950,214,23,0.6638
1951,214,23,0.7764
1952,214,23,0.9564
1953,214,23,0.4115
1954,214,23,0.2885
1955,214,23,0.3619
1956,214,23,0.9319
1957,214,23,0.9890
251,210,23,0.9309
252,210,23,0.6278
253,210,23,0.8723
1282,211,43,0.8356
1283,211,43,0.0182
1284,211,43,0.8267
1285,211,43,0.5565
1286,211,43,0.8375
1287,211,43,0.7902
1288,211,43,0.8700
1289,211,43,0.9013
1290,211,43,0.1972
1291,211,43,0.3463
1875,213,93,0.7531
1876,213,93,0.4864
1958,214,23,0.8754
1959,214,23,0.4597
1960,214,23,0.2559
1961,214,23,0.2769
1962,214,23,0.5493
1963,214,23,0.8655
1964,214,23,0.2536
1965,214,23,0.7948
1966,214,23,0.8378
1967,214,23,0.0864
254,210,23,0.5353
255,210,23,0.7075
1292,211,43,0.9361
1293,211,43,0.5299
1294,211,43,0.9365
1295,211,43,0.1250
1296,211,43,0.8122
1297,211,43,0.6898
1298,211,43,0.8694
1299,211,43,0.9254
1300,211,43,0.4233
1301,211,43,0.5448
1877,213,93,0.0837
1878,213,93,0.6723
1968,214,23,0.7478
1969,214,23,0.7393
1970,214,23,0.6745
1971,214,23,0.1569
1972,214,23,0.7530
1973,214,23,0.3728
1974,214,23,0.3963
1975,214,23,0.1956
1976,214,23,0.5124
1977,214,23,0.1467
256,210,23,0.8540
257,210,23,0.7942
1302,211,43,0.5211
1303,211,43,0.3082
1304,211,43,0.9697
1305,211,43,0.9693
1306,211,43,0.9628
1307,211,43,0.8506
1308,211,43,0.8450
1309,211,43,0.8049
1310,211,43,0.9050
1311,211,43,0.8499
1879,213,93,0.9456
1880,213,93,0.9343
1881,213,93,0.9834
1882,213,93,0.8591
1883,213,93,0.9885
1884,213,93,0.9667
1885,213,93,0.9869
1886,213,93,0.9901
1887,213,93,0.9815
1978,214,23,0.8946
1979,214,23,0.8710
1980,214,23,0.5949
1981,214,23,0.7606
1982,214,23,0.9399
1983,214,23,0.7306
1984,214,23,0.9608
1985,214,23,0.9789
1986,214,23,0.9805
1987,214,23,0.9863
258,210,23,0.4170
259,210,23,0.5198
260,210,23,0.4225
1312,211,43,0.8242
1313,211,43,0.9100
1314,211,43,0.7386
1315,211,43,0.8272
1316,211,43,0.9707
1317,211,43,0.9742
1318,211,43,0.5575
1319,211,43,0.3143
1320,211,43,0.0772
1321,211,43,0.1837
1988,214,23,0.8887
1989,214,23,0.6189
1990,214,23,0.2467
1991,214,23,0.2635
1992,214,23,0.0510
1993,214,23,0.6449
1994,214,23,0.4339
1995,214,23,0.5534
1996,214,23,0.6329
1997,214,23,0.9715
2506,215,132,0.4624
261,210,23,0.2526
262,210,23,0.1035
263,210,23,0.6083
1322,211,43,0.4271
1323,211,43,0.0417
1324,211,43,0.1613
1325,211,43,0.9353
1326,211,43,0.9471
1327,211,43,0.9833
1328,211,43,0.9924
1329,211,43,0.9926
1330,211,43,0.9932
1331,211,43,0.9926
1998,214,23,0.4711
1999,214,23,0.4017
2000,214,23,0.8773
2001,214,23,0.9708
2002,214,23,0.9914
2003,214,23,0.9953
2004,214,23,0.9955
2005,214,23,0.9952
2006,214,23,0.9953
2007,214,23,0.9959
2507,215,132,0.7063
2508,215,132,0.6653
2509,215,132,0.8761
2510,215,132,0.9857
2511,215,132,0.9876
2512,215,132,0.9827
2513,215,132,0.9173
2514,215,132,0.9427
2515,215,132,0.8821
2516,215,132,0.9827
264,210,23,0.7254
265,210,23,0.7758
266,210,23,0.8624
267,210,23,0.9554
268,210,23,0.8263
269,210,23,0.5327
270,210,23,0.8735
271,210,23,0.9204
1332,211,43,0.4260
1333,211,43,0.9091
1334,211,43,0.3118
1335,211,43,0.9541
1336,211,43,0.9835
1337,211,43,0.9936
1338,211,43,0.9959
1339,211,43,0.9969
1340,211,43,0.9969
1341,211,43,0.9976
2008,214,23,0.1686
2009,214,23,0.4508
2010,214,23,0.6437
2011,214,23,0.9649
2012,214,23,0.9859
2013,214,23,0.9935
2014,214,23,0.9961
2015,214,23,0.9968
2016,214,23,0.9970
2017,214,23,0.9972
2517,215,132,0.9255
2518,215,132,0.9860
2519,215,132,0.0398
2520,215,132,0.8611
272,210,23,0.5873
273,210,23,0.8886
274,210,23,0.9352
275,210,23,0.1309
1342,211,43,0.8275
1343,211,43,0.9543
1344,211,43,0.9652
1345,211,43,0.8794
1346,211,43,0.2112
1347,211,43,0.9824
1348,211,43,0.3542
1349,211,43,0.9721
1350,211,43,0.9689
1351,211,43,0.9367
2018,214,23,0.1765
2019,214,23,0.7486
2020,214,23,0.9785
2021,214,23,0.9894
2022,214,23,0.9950
2023,214,23,0.9966
2024,214,23,0.9971
2025,214,23,0.9972
2026,214,23,0.9974
2027,214,23,0.9975
2521,215,132,0.5314
2522,215,132,0.8945
2523,215,132,0.8218
2524,215,132,0.8673
2525,215,132,0.9832
2526,215,132,0.9492
2527,215,132,0.9826
2528,215,132,0.8644
2529,215,132,0.9845
2530,215,132,0.9541
276,210,23,0.3513
277,210,23,0.7115
1352,211,17,0.9102
1353,211,17,0.4622
1354,211,17,0.9831
1355,211,17,0.0294
1356,211,17,0.8209
1357,211,17,0.9742
1358,211,17,0.7080
1359,211,17,0.4331
1360,211,17,0.9779
1361,211,17,0.8756
2028,214,23,0.1534
2029,214,23,0.7516
2030,214,23,0.9689
2031,214,23,0.9843
2032,214,23,0.9908
2033,214,23,0.9931
2034,214,23,0.9958
2035,214,23,0.9950
2036,214,23,0.9971
2037,214,23,0.9973
2531,215,23,0.9420
2532,215,23,0.4388
2533,215,23,0.0601
278,210,23,0.9675
279,210,23,0.6040
280,210,23,0.4245
1362,211,17,0.9488
1363,211,17,0.8703
1364,211,17,0.9812
1365,211,17,0.9851
1366,211,17,0.9872
1367,211,17,0.9856
1368,211,17,0.9856
1369,211,17,0.9863
1370,211,17,0.9857
2038,214,23,0.3642
2039,214,23,0.5503
2040,214,23,0.9373
2041,214,23,0.9763
2042,214,23,0.7712
2043,214,23,0.9716
2044,214,23,0.9871
2045,214,23,0.9922
2046,214,23,0.9954
2047,214,23,0.9964
2534,215,23,0.7311
2535,215,23,0.7927
281,210,23,0.3445
282,210,23,0.6614
1371,211,93,0.5840
1372,211,93,0.0672
1373,211,93,0.2257
1374,211,93,0.9822
1375,211,93,0.9952
1376,211,93,0.9955
1377,211,93,0.9947
1378,211,93,0.9957
1379,211,93,0.9960
1380,211,93,0.9962
2048,214,23,0.4659
2049,214,23,0.2190
2050,214,23,0.6736
2051,214,23,0.7495
2052,214,23,0.9252
2053,214,23,0.9652
2054,214,23,0.9836
2055,214,23,0.9878
2056,214,23,0.9907
2057,214,23,0.9908
2536,215,23,0.8554
2537,215,23,0.7193
2538,215,23,0.5014
2539,215,23,0.8115
2540,215,23,0.8628
2541,215,23,0.8477
283,210,23,0.1299
284,210,23,0.6794
1381,211,93,0.8398
1382,211,93,0.6224
1383,211,93,0.9640
1384,211,93,0.9598
1385,211,93,0.9853
1386,211,93,0.9683
1387,211,93,0.9891
1388,211,93,0.9933
1389,211,93,0.9933
1390,211,93,0.9942
2058,214,23,0.9055
2059,214,23,0.9596
2060,214,23,0.5342
2061,214,23,0.8698
2062,214,23,0.9615
2063,214,23,0.3917
2064,214,23,0.6287
2065,214,23,0.8740
2066,214,23,0.5987
2067,214,23,0.6085
2542,215,23,0.9467
2543,215,23,0.9821
2544,215,23,0.9856
2545,215,23,0.9360
2546,215,23,0.9889
2547,215,23,0.9570
2548,215,23,0.9890
2549,215,23,0.8192
2550,215,23,0.6174
2551,215,23,0.8200
285,210,23,0.6630
286,210,23,0.9820
287,210,23,0.0291
288,210,23,0.9798
289,210,23,0.9810
290,210,23,0.9705
291,210,23,0.4204
292,210,23,0.9146
293,210,23,0.1086
1391,211,93,0.7665
1392,211,93,0.1848
1393,211,93,0.4235
1394,211,93,0.0458
1395,211,93,0.9612
1396,211,93,0.9920
1397,211,93,0.9950
1398,211,93,0.9955
1399,211,93,0.9951
1400,211,93,0.9937
2068,214,23,0.6429
2069,214,23,0.2429
2070,214,23,0.2233
2071,214,23,0.9733
2072,214,23,0.9810
2073,214,23,0.0947
2074,214,23,0.9538
2075,214,23,0.9827
2076,214,23,0.7710
2077,214,23,0.4872
2552,215,23,0.9419
2553,215,23,0.8118
2554,215,23,0.9589
2555,215,23,0.8732
294,210,23,0.4283
295,210,23,0.4674
1401,211,93,0.9472
1402,211,93,0.6344
1403,211,93,0.9756
1404,211,93,0.9757
1405,211,93,0.6715
1406,211,93,0.8084
1407,211,93,0.6115
1408,211,93,0.7935
1409,211,93,0.6349
1410,211,93,0.8872
2078,214,23,0.9501
2079,214,23,0.0215
2080,214,23,0.5648
2081,214,23,0.7876
2082,214,23,0.8057
2083,214,23,0.4929
2084,214,23,0.9243
2085,214,23,0.2569
2086,214,23,0.9045
2087,214,23,0.5532
2556,215,23,0.5843
2557,215,23,0.8099
2558,215,23,0.5464
296,210,23,0.6612
297,210,23,0.9412
298,210,23,0.3598
2088,214,23,0.5448
2089,214,23,0.9557
2090,214,23,0.1536
2091,214,23,0.9587
2092,214,23,0.3192
2093,214,23,0.6807
2094,214,23,0.9835
2095,214,23,0.5281
2096,214,23,0.4791
2097,214,23,0.2831
2559,215,23,0.7725
2560,215,23,0.5230
2805,216,132,0.8768
2806,216,132,0.2010
2807,216,132,0.8878
2808,216,132,0.9383
2809,216,132,0.9633
2810,216,132,0.4009
2811,216,132,0.7734
2812,216,132,0.8584
2813,216,132,0.9227
2814,216,132,0.8733
299,210,23,0.1349
300,210,23,0.9370
301,210,23,0.9636
302,210,23,0.9835
303,210,23,0.9392
304,210,23,0.9700
305,210,23,0.9129
306,210,23,0.7514
307,210,23,0.5968
308,210,23,0.2619
2098,214,23,0.5191
2099,214,23,0.1479
2100,214,23,0.7816
2101,214,23,0.9219
2102,214,23,0.9774
2103,214,23,0.4128
2104,214,23,0.4164
2105,214,23,0.9220
2106,214,23,0.3291
2107,214,23,0.9570
2561,215,23,0.9057
2562,215,23,0.9760
2563,215,23,0.5841
2564,215,23,0.8302
2565,215,23,0.4044
2566,215,23,0.9807
2567,215,23,0.2170
2568,215,23,0.3259
2569,215,23,0.5014
2570,215,23,0.1916
2815,216,132,0.9284
2816,216,132,0.0690
2817,216,132,0.5074
2818,216,132,0.9885
2819,216,132,0.9751
2820,216,132,0.9796
2821,216,132,0.9644
2822,216,132,0.7406
2823,216,132,0.9672
2824,216,132,0.9493
309,210,23,0.6836
310,210,23,0.4179
2108,214,23,0.7085
2109,214,23,0.6471
2110,214,23,0.8410
2111,214,23,0.9798
2112,214,23,0.0722
2113,214,23,0.9177
2114,214,23,0.3597
2115,214,23,0.7382
2116,214,23,0.5901
2117,214,23,0.2007
2571,215,23,0.4226
2572,215,23,0.8895
2573,215,23,0.6837
2825,216,132,0.8803
2826,216,132,0.9680
2827,216,132,0.9777
2828,216,132,0.5955
2829,216,132,0.8089
2830,216,132,0.8144
2831,216,132,0.7068
2832,216,132,0.8822
2833,216,132,0.9836
2834,216,132,0.1382
311,210,23,0.9316
312,210,23,0.2374
313,210,23,0.2307
2118,214,23,0.5637
2119,214,23,0.9324
2120,214,23,0.5608
2121,214,23,0.6380
2122,214,23,0.9264
2123,214,23,0.7809
2124,214,23,0.9540
2125,214,23,0.4406
2126,214,23,0.9598
2127,214,23,0.9929
2574,215,23,0.5521
2575,215,23,0.7682
2835,216,132,0.9080
2836,216,132,0.9210
2837,216,132,0.4215
2838,216,132,0.8991
314,210,23,0.3949
315,210,23,0.3659
316,210,23,0.6153
2128,214,23,0.7929
2129,214,23,0.6857
2130,214,23,0.8411
2131,214,23,0.7143
2132,214,23,0.9515
2133,214,23,0.1848
2134,214,23,0.1324
2135,214,23,0.2044
2136,214,23,0.6334
2137,214,23,0.9490
2576,215,23,0.5220
2577,215,23,0.7484
2839,216,132,0.8700
2840,216,132,0.9115
2841,216,132,0.0247
2842,216,132,0.1775
2843,216,132,0.9794
2844,216,132,0.9949
2845,216,132,0.9958
2846,216,132,0.9962
2847,216,132,0.9963
2848,216,132,0.9960
317,210,23,0.9478
318,210,23,0.9736
319,210,23,0.2193
2138,214,23,0.4435
2139,214,23,0.2075
2140,214,23,0.7403
2141,214,23,0.2537
2142,214,23,0.7224
2143,214,23,0.7054
2144,214,23,0.0347
2145,214,23,0.9597
2146,214,23,0.0333
2147,214,23,0.7179
2578,215,23,0.9537
2579,215,23,0.9847
2580,215,23,0.4090
2581,215,23,0.9830
2582,215,23,0.4792
2583,215,23,0.3544
2584,215,23,0.5171
2849,216,132,0.0516
2850,216,132,0.9024
320,210,23,0.3184
321,210,23,0.5075
2148,214,23,0.7297
2149,214,23,0.0528
2150,214,23,0.1767
2151,214,23,0.8777
2152,214,23,0.7122
2153,214,23,0.6867
2154,214,23,0.6860
2155,214,23,0.6243
2156,214,23,0.9400
2157,214,23,0.7914
2585,215,23,0.0796
2586,215,23,0.5963
2851,216,132,0.8825
2852,216,132,0.5808
2853,216,132,0.9812
2854,216,132,0.9865
2855,216,132,0.0117
2856,216,132,0.0839
322,210,23,0.2290
323,210,23,0.5887
2158,214,23,0.7151
2159,214,23,0.0170
2160,214,23,0.8835
2161,214,23,0.9865
2162,214,23,0.7059
2163,214,23,0.9783
2164,214,23,0.3645
2165,214,23,0.5467
2166,214,23,0.8421
2167,214,23,0.6086
2587,215,23,0.8406
2588,215,23,0.9867
2589,215,23,0.6016
2590,215,23,0.7449
2591,215,23,0.8354
2857,216,132,0.9120
2858,216,132,0.6055
2859,216,132,0.8033
2860,216,132,0.8014
2861,216,132,0.5834
2862,216,132,0.6273
2863,216,132,0.9534
2864,216,132,0.0250
2865,216,132,0.4061
2866,216,132,0.9580
324,210,23,0.8697
325,210,23,0.6622
326,210,23,0.6713
327,210,23,0.7710
328,210,23,0.9456
329,210,23,0.9815
330,210,23,0.6043
331,210,23,0.9344
332,210,23,0.5905
333,210,23,0.4340
2168,214,23,0.1094
2169,214,23,0.6720
2170,214,23,0.5231
2171,214,23,0.9514
2172,214,23,0.9789
2173,214,23,0.9904
2174,214,23,0.9955
2175,214,23,0.9963
2176,214,23,0.9949
2177,214,23,0.9970
2592,215,23,0.8748
2593,215,23,0.0860
2594,215,23,0.3402
2595,215,23,0.6736
2596,215,23,0.6422
2597,215,23,0.1786
2598,215,23,0.3047
2599,215,23,0.9581
2600,215,23,0.8135
2601,215,23,0.8798
2867,216,132,0.9654
2868,216,132,0.9802
2869,216,132,0.9902
2870,216,132,0.2497
2871,216,132,0.8196
334,210,23,0.9166
335,210,23,0.9752
336,210,23,0.4345
2178,214,23,0.5916
2179,214,23,0.9433
2180,214,23,0.9249
2181,214,23,0.8715
2182,214,23,0.9823
2183,214,23,0.1215
2184,214,23,0.0470
2185,214,23,0.7712
2186,214,23,0.9778
2187,214,23,0.6594
2602,215,107,0.9676
2603,215,107,0.0195
2604,215,107,0.9218
2872,216,132,0.7519
2873,216,132,0.9511
337,210,23,0.8216
338,210,23,0.9829
339,210,23,0.9667
340,210,23,0.1880
2188,214,23,0.8672
2189,214,23,0.1094
2190,214,23,0.5583
2191,214,23,0.2978
2192,214,23,0.0374
2193,214,23,0.8088
2194,214,23,0.8793
2195,214,23,0.9693
2196,214,23,0.9781
2197,214,23,0.7664
2605,215,107,0.8386
2606,215,107,0.5121
2607,215,107,0.8526
2608,215,107,0.8760
2609,215,107,0.7284
2610,215,107,0.1030
2611,215,107,0.5274
2612,215,107,0.4246
2613,215,107,0.7149
2614,215,107,0.5244
2874,216,132,0.8690
2875,216,132,0.9758
2876,216,132,0.9619
2877,216,132,0.7689
2878,216,132,0.9797
2879,216,132,0.9867
2880,216,132,0.9093
2881,216,132,0.9405
2882,216,132,0.9889
2883,216,132,0.9604
341,210,23,0.5116
342,210,23,0.6707
2198,214,23,0.3599
2199,214,23,0.5489
2200,214,23,0.9490
2201,214,23,0.8115
2202,214,23,0.9803
2203,214,23,0.8237
2204,214,23,0.2436
2205,214,23,0.4375
2206,214,23,0.7091
2207,214,23,0.5378
2615,215,107,0.8368
2616,215,107,0.9772
2617,215,107,0.3654
2618,215,107,0.9116
2619,215,107,0.9811
2620,215,107,0.9746
2621,215,107,0.6702
2622,215,107,0.9121
2623,215,107,0.8489
2624,215,107,0.4156
2884,216,23,0.5586
2885,216,23,0.4180
2886,216,23,0.7794
2887,216,23,0.8620
2888,216,23,0.6318
2889,216,23,0.6414
2890,216,23,0.3086
2891,216,23,0.8158
2892,216,23,0.5862
2893,216,23,0.6387
343,210,23,0.9129
344,210,23,0.9752
345,210,23,0.9635
2208,214,23,0.8230
2209,214,23,0.5820
2210,214,23,0.9636
2211,214,23,0.9814
2212,214,23,0.9798
2213,214,23,0.6997
2214,214,23,0.2435
2215,214,23,0.8061
2216,214,23,0.8389
2217,214,23,0.8984
2625,215,107,0.9611
2626,215,107,0.9857
2627,215,107,0.9889
2628,215,107,0.9899
2629,215,107,0.9896
2630,215,107,0.9925
2631,215,107,0.9168
2632,215,107,0.9828
2633,215,107,0.0270
2634,215,107,0.8305
2894,216,23,0.9716
2895,216,23,0.9671
2896,216,23,0.6524
346,210,23,0.9577
347,210,23,0.4258
348,210,23,0.5938
349,210,23,0.8194
350,210,23,0.9295
351,210,23,0.8895
352,210,23,0.9789
353,210,23,0.7904
354,210,23,0.0599
355,210,23,0.8617
2218,214,23,0.3506
2219,214,23,0.6555
2220,214,23,0.9801
2221,214,23,0.4385
2222,214,23,0.9810
2223,214,23,0.9702
2224,214,23,0.9940
2225,214,23,0.9956
2226,214,23,0.9953
2227,214,23,0.9955
2635,215,43,0.9316
2636,215,43,0.9735
2637,215,43,0.8075
2638,215,43,0.3312
2639,215,43,0.2768
2640,215,43,0.7738
2897,216,23,0.5578
2898,216,23,0.8772
2899,216,23,0.8548
2900,216,23,0.9817
2901,216,23,0.9518
2902,216,23,0.6085
2903,216,23,0.9763
2904,216,23,0.5560
2905,216,23,0.6771
2906,216,23,0.8474
356,210,107,0.6092
357,210,107,0.9796
358,210,107,0.9073
359,210,107,0.9846
360,210,107,0.9471
361,210,107,0.9658
362,210,107,0.9867
363,210,107,0.9497
364,210,107,0.9866
365,210,107,0.9896
2228,214,23,0.9753
2229,214,23,0.8482
2230,214,23,0.2133
2231,214,23,0.9689
2232,214,23,0.9375
2233,214,23,0.7405
2234,214,23,0.7135
2235,214,23,0.9151
2236,214,23,0.8210
2237,214,23,0.7706
2641,215,43,0.0790
2642,215,43,0.9115
2907,216,107,0.8484
2908,216,107,0.9819
2909,216,107,0.9778
2910,216,107,0.9756
2911,216,107,0.9739
2912,216,107,0.9869
2913,216,107,0.9726
2914,216,107,0.8897
2915,216,107,0.3132
2916,216,107,0.8824
366,210,43,0.6323
367,210,43,0.9118
368,210,43,0.9791
369,210,43,0.5244
370,210,43,0.5948
371,210,43,0.9649
372,210,43,0.8810
373,210,43,0.2256
374,210,43,0.2480
375,210,43,0.7825
2238,214,23,0.9443
2239,214,23,0.9328
2240,214,23,0.3125
2241,214,23,0.5694
2242,214,23,0.9516
2243,214,23,0.9841
2244,214,23,0.9943
2245,214,23,0.9958
2246,214,23,0.9956
2247,214,23,0.9959
2643,215,43,0.8945
2644,215,43,0.9594
2645,215,43,0.2366
2646,215,43,0.9687
2647,215,43,0.9819
2648,215,43,0.6151
2649,215,43,0.1597
2917,216,107,0.4814
2918,216,107,0.9736
2919,216,107,0.9774
2920,216,107,0.9666
2921,216,107,0.0441
2922,216,107,0.9432
2923,216,107,0.9654
2924,216,107,0.9704
2925,216,107,0.9875
2926,216,107,0.9745
376,210,43,0.8050
377,210,43,0.7505
378,210,43,0.9837
379,210,43,0.9739
380,210,43,0.3389
381,210,43,0.4304
382,210,43,0.6435
383,210,43,0.9240
384,210,43,0.7299
385,210,43,0.9756
2248,214,23,0.9089
2249,214,23,0.8010
2250,214,23,0.6485
2251,214,23,0.9367
2252,214,23,0.9814
2253,214,23,0.9911
2254,214,23,0.9934
2255,214,23,0.9960
2256,214,23,0.9965
2257,214,23,0.9957
2650,215,43,0.9468
2651,215,43,0.7249
2652,215,43,0.4419
2653,215,43,0.9760
2654,215,43,0.5898
2655,215,43,0.9692
2656,215,43,0.9823
2657,215,43,0.9878
2658,215,43,0.5321
2927,216,107,0.8496
2928,216,107,0.9872
2929,216,107,0.9742
2930,216,107,0.9717
2931,216,107,0.9881
2932,216,107,0.9712
2933,216,107,0.9006
2934,216,107,0.8362
2935,216,107,0.9724
386,210,43,0.8129
387,210,43,0.9744
388,210,43,0.2796
389,210,43,0.9804
390,210,43,0.3584
391,210,43,0.9042
392,210,43,0.7739
393,210,43,0.6339
394,210,43,0.9003
395,210,43,0.9109
2258,214,23,0.8496
2259,214,23,0.4144
2260,214,23,0.8040
2261,214,23,0.6628
2262,214,23,0.2723
2263,214,23,0.9231
2264,214,23,0.9906
2265,214,23,0.9936
2266,214,23,0.9946
2267,214,23,0.9942
2659,215,17,0.9599
2660,215,17,0.4834
2661,215,17,0.1552
2936,216,43,0.9125
2937,216,43,0.1487
2938,216,43,0.9252
2939,216,43,0.9792
2940,216,43,0.6906
2941,216,43,0.7784
2942,216,43,0.8882
2943,216,43,0.9079
2944,216,43,0.8580
2945,216,43,0.5808
396,210,43,0.9548
397,210,43,0.8825
398,210,43,0.9755
399,210,43,0.3357
400,210,43,0.7863
401,210,43,0.9815
402,210,43,0.7750
403,210,43,0.9845
404,210,43,0.6249
405,210,43,0.6234
2268,214,23,0.8613
2269,214,23,0.7208
2270,214,23,0.5329
2271,214,23,0.5260
2272,214,23,0.9421
2273,214,23,0.9878
2274,214,23,0.9934
2275,214,23,0.9952
2276,214,23,0.9954
2277,214,23,0.9955
2662,215,17,0.8510
2663,215,17,0.4296
2664,215,17,0.5676
2946,216,43,0.8118
2947,216,43,0.5744
2948,216,43,0.9172
2949,216,43,0.9848
2950,216,43,0.9808
2951,216,43,0.9872
2952,216,43,0.9143
2953,216,43,0.9453
2954,216,43,0.9399
2955,216,43,0.9791
406,210,43,0.8481
407,210,43,0.9048
408,210,43,0.6401
409,210,43,0.8970
410,210,43,0.7297
411,210,43,0.9717
412,210,43,0.4488
413,210,43,0.7963
414,210,43,0.8805
415,210,43,0.5993
2278,214,23,0.6538
2279,214,23,0.4398
2280,214,23,0.9514
2281,214,23,0.9879
2282,214,23,0.9831
2283,214,23,0.9939
2284,214,23,0.9951
2285,214,23,0.9949
2286,214,23,0.9953
2287,214,23,0.9950
2665,215,17,0.9755
2666,215,17,0.4596
2667,215,17,0.2408
2956,216,17,0.7389
2957,216,17,0.3729
2958,216,17,0.6562
2959,216,17,0.7687
2960,216,17,0.2649
2961,216,17,0.3875
2962,216,17,0.2700
2963,216,17,0.6125
2964,216,17,0.8171
2965,216,17,0.9236
416,210,43,0.9123
417,210,43,0.4236
418,210,43,0.6068
419,210,43,0.9206
420,210,43,0.6838
421,210,43,0.8191
422,210,43,0.9734
423,210,43,0.3614
424,210,43,0.3046
2288,214,23,0.5779
2289,214,23,0.5746
2290,214,23,0.2752
2291,214,23,0.7162
2292,214,23,0.9855
2293,214,23,0.9927
2294,214,23,0.9951
2295,214,23,0.9959
2296,214,23,0.9951
2297,214,23,0.9954
2668,215,17,0.0343
2669,215,17,0.5465
2670,215,17,0.0349
2966,216,17,0.7738
2967,216,17,0.7619
2968,216,17,0.8522
2969,216,17,0.3229
2970,216,17,0.8223
2971,216,17,0.8903
2972,216,17,0.9220
2973,216,17,0.8788
2974,216,17,0.9197
2975,216,17,0.9239
425,210,43,0.8190
426,210,43,0.9437
427,210,43,0.9728
428,210,43,0.9797
429,210,43,0.8055
430,210,43,0.7265
431,210,43,0.9734
432,210,43,0.7069
433,210,43,0.3308
434,210,43,0.5702
2298,214,23,0.3726
2299,214,23,0.2305
2300,214,23,0.4544
2301,214,23,0.9435
2302,214,23,0.9906
2303,214,23,0.9939
2304,214,23,0.9948
2305,214,23,0.9943
2306,214,23,0.9941
2307,214,23,0.9951
2671,215,17,0.3309
2672,215,17,0.3245
2673,215,17,0.9314
2674,215,17,0.9441
2675,215,17,0.9800
2676,215,17,0.0141
2677,215,17,0.1995
2678,215,17,0.0650
2976,216,17,0.6452
2977,216,17,0.6409
2978,216,17,0.4197
2979,216,17,0.8980
2980,216,17,0.8321
2981,216,17,0.9388
2982,216,17,0.9078
2983,216,17,0.9736
2984,216,17,0.8211
2985,216,17,0.9565
435,210,43,0.9558
436,210,43,0.7119
437,210,43,0.8371
438,210,43,0.8608
439,210,43,0.8224
440,210,43,0.7684
441,210,43,0.9756
442,210,43,0.9035
443,210,43,0.1733
2308,214,23,0.8797
2309,214,23,0.2344
2310,214,23,0.7617
2311,214,23,0.9566
2312,214,23,0.9700
2313,214,23,0.9895
2314,214,23,0.9924
2315,214,23,0.9954
2316,214,23,0.9952
2317,214,23,0.9953
2679,215,17,0.9400
2680,215,17,0.9849
2681,215,17,0.7987
2986,216,17,0.7864
2987,216,17,0.9844
2988,216,17,0.2761
2989,216,17,0.9805
2990,216,17,0.5513
2991,216,17,0.9763
2992,216,17,0.9829
2993,216,17,0.0452
2994,216,17,0.9059
2995,216,17,0.3974
444,210,17,0.9227
445,210,17,0.9425
446,210,17,0.7691
447,210,17,0.5601
448,210,17,0.8475
449,210,17,0.8486
450,210,17,0.5209
451,210,17,0.9531
452,210,17,0.7990
453,210,17,0.3515
2318,214,23,0.6102
2319,214,23,0.8541
2320,214,23,0.6405
2321,214,23,0.3768
2322,214,23,0.8964
2323,214,23,0.9840
2324,214,23,0.9918
2325,214,23,0.9942
2326,214,23,0.9912
2327,214,23,0.9923
2682,215,17,0.8509
2683,215,17,0.4732
2684,215,17,0.4597
2685,215,17,0.5340
2686,215,17,0.4687
2687,215,17,0.4717
2688,215,17,0.8148
2689,215,17,0.6512
2690,215,17,0.3187
2691,215,17,0.8769
2996,216,17,0.7310
2997,216,17,0.7147
2998,216,17,0.9830
2999,216,17,0.9853
3000,216,17,0.9863
3001,216,17,0.9899
3002,216,17,0.6999
3003,216,17,0.7314
3004,216,17,0.5071
3005,216,17,0.7851
454,210,17,0.6686
455,210,17,0.2883
456,210,17,0.9744
457,210,17,0.9797
458,210,17,0.9710
459,210,17,0.9893
460,210,17,0.9025
461,210,17,0.9223
462,210,17,0.9807
463,210,17,0.9806
2328,214,23,0.9626
2329,214,23,0.9839
2330,214,23,0.9736
2331,214,23,0.1856
2332,214,23,0.6001
2333,214,23,0.9816
2334,214,23,0.9929
2335,214,23,0.9937
2336,214,23,0.9951
2337,214,23,0.9949
2692,215,17,0.6879
2693,215,17,0.6495
2694,215,17,0.9845
2695,215,17,0.5510
2696,215,17,0.8929
2697,215,17,0.3149
2698,215,17,0.1249
3006,216,17,0.7957
3007,216,17,0.7562
3008,216,17,0.9509
3009,216,17,0.9816
3010,216,17,0.9828
3011,216,17,0.9855
3012,216,17,0.9821
3013,216,17,0.4935
3014,216,17,0.6497
3015,216,17,0.9845
464,210,17,0.8106
465,210,17,0.8597
466,210,17,0.9713
467,210,17,0.9154
468,210,17,0.5973
469,210,17,0.6398
470,210,17,0.6578
471,210,17,0.9836
472,210,17,0.5252
473,210,17,0.0696
2338,214,23,0.9113
2339,214,23,0.4274
2340,214,23,0.8634
2341,214,23,0.9713
2342,214,23,0.0164
2343,214,23,0.6687
2344,214,23,0.6303
2345,214,23,0.9420
2346,214,23,0.9858
2347,214,23,0.9945
2699,215,17,0.1970
2700,215,17,0.7170
3016,216,93,0.6517
3017,216,93,0.9296
3018,216,93,0.9780
3019,216,93,0.9537
3020,216,93,0.9835
3021,216,93,0.3342
3022,216,93,0.1274
3023,216,93,0.8316
3024,216,93,0.7562
3025,216,93,0.9017
474,210,17,0.6020
475,210,17,0.6003
476,210,17,0.9570
477,210,17,0.5027
478,210,17,0.9501
479,210,17,0.3584
480,210,17,0.6528
481,210,17,0.4376
482,210,17,0.9831
2348,214,23,0.5329
2349,214,23,0.6758
2350,214,23,0.4287
2351,214,23,0.8440
2352,214,23,0.9894
2353,214,23,0.9941
2354,214,23,0.9950
2355,214,23,0.9948
2356,214,23,0.9950
2357,214,23,0.9952
2701,215,17,0.4843
2702,215,17,0.4400
3026,216,93,0.4179
3027,216,93,0.9714
3028,216,93,0.7105
3029,216,93,0.6484
3030,216,93,0.4484
3031,216,93,0.8376
3032,216,93,0.2257
3033,216,93,0.6000
3034,216,93,0.6493
3035,216,93,0.9478
483,210,93,0.8540
484,210,93,0.9073
485,210,93,0.9739
486,210,93,0.9770
487,210,93,0.9135
488,210,93,0.9296
489,210,93,0.9782
490,210,93,0.9774
491,210,93,0.7983
492,210,93,0.7229
2358,214,23,0.9410
2359,214,23,0.3200
2360,214,23,0.6013
2361,214,23,0.3586
2362,214,23,0.6906
2363,214,23,0.9831
2364,214,23,0.9542
2365,214,23,0.9828
2366,214,23,0.8985
2703,215,17,0.7911
2704,215,17,0.7615
2705,215,17,0.9754
2706,215,17,0.9777
2707,215,17,0.9885
2708,215,17,0.9846
2709,215,17,0.8642
2710,215,17,0.9613
2711,215,17,0.6236
3036,216,93,0.6442
3037,216,93,0.8909
3038,216,93,0.3655
3039,216,93,0.8692
3040,216,93,0.6194
3041,216,93,0.8300
3042,216,93,0.9586
3043,216,93,0.9866
3044,216,93,0.9936
3045,216,93,0.9950
493,210,23,0.8784
494,210,23,0.2748
495,210,23,0.5844
496,210,23,0.9272
497,210,23,0.3547
498,210,23,0.8889
499,210,23,0.5326
500,210,23,0.5212
501,210,23,0.3507
502,210,23,0.6044
2367,214,107,0.9483
2368,214,107,0.9838
2369,214,107,0.9882
2370,214,107,0.7884
2371,214,107,0.8751
2372,214,107,0.9879
2373,214,107,0.9677
2374,214,107,0.9658
2375,214,107,0.9218
2712,215,17,0.6103
2713,215,17,0.9493
2714,215,17,0.0353
2715,215,17,0.7972
2716,215,17,0.8530
3046,216,93,0.6512
3047,216,93,0.7395
3048,216,93,0.9788
3049,216,93,0.3940
3050,216,93,0.8624
3051,216,93,0.7844
3052,216,93,0.9725
3053,216,93,0.7893
3054,216,93,0.9712
3055,216,93,0.6572
503,210,23,0.5864
504,210,23,0.9786
505,210,23,0.1693
506,210,23,0.9786
507,210,23,0.6391
508,210,23,0.2591
509,210,23,0.9716
510,210,23,0.9830
511,210,23,0.5555
512,210,23,0.3955
2376,214,43,0.8375
2377,214,43,0.9792
2378,214,43,0.7799
2379,214,43,0.4231
2380,214,43,0.8388
2381,214,43,0.8873
2382,214,43,0.2739
2383,214,43,0.9705
2384,214,43,0.9936
2385,214,43,0.9906
2717,215,17,0.9084
2718,215,17,0.7471
2719,215,17,0.6649
2720,215,17,0.5281
2721,215,17,0.1781
3056,216,93,0.5373
3057,216,93,0.4650
3058,216,93,0.9798
3059,216,93,0.3234
3060,216,93,0.6415
3061,216,93,0.5495
3062,216,93,0.7491
3063,216,93,0.8948
3064,216,93,0.6695
3065,216,93,0.9718
513,210,23,0.9123
514,210,23,0.9818
515,210,23,0.9840
516,210,23,0.8230
517,210,23,0.1572
518,210,23,0.5920
519,210,23,0.1253
520,210,23,0.6001
521,210,23,0.9751
522,210,23,0.9903
2386,214,43,0.9381
2387,214,43,0.1302
2388,214,43,0.9480
2389,214,43,0.7847
2390,214,43,0.6663
2391,214,43,0.7276
2392,214,43,0.9019
2393,214,43,0.9485
2394,214,43,0.9500
2395,214,43,0.9738
2722,215,17,0.8993
2723,215,17,0.8506
2724,215,17,0.9799
2725,215,17,0.5594
2726,215,17,0.3755
3066,216,93,0.2816
3067,216,93,0.4139
3068,216,93,0.8425
3069,216,93,0.8838
3070,216,93,0.9250
3071,216,93,0.9793
3072,216,93,0.9838
3073,216,93,0.9879
3074,216,93,0.0985
3075,216,93,0.5644
523,210,23,0.8830
524,210,23,0.8818
525,210,23,0.9790
526,210,23,0.9916
527,210,23,0.9948
528,210,23,0.9954
529,210,23,0.9954
530,210,23,0.9956
531,210,23,0.9955
532,210,23,0.9952
2396,214,43,0.6602
2397,214,43,0.1695
2398,214,43,0.7545
2399,214,43,0.9769
2400,214,43,0.9837
2401,214,43,0.9945
2402,214,43,0.9954
2403,214,43,0.9954
2404,214,43,0.9939
2405,214,43,0.9955
2727,215,17,0.7933
2728,215,17,0.7528
3076,216,93,0.6046
3077,216,93,0.8294
3078,216,93,0.9724
3079,216,93,0.9448
3080,216,93,0.9734
3081,216,93,0.6172
3082,216,93,0.8277
3083,216,93,0.5122
3084,216,93,0.7813
3085,216,93,0.9666
533,210,23,0.9161
534,210,23,0.8433
535,210,23,0.2107
536,210,23,0.8861
537,210,23,0.9835
538,210,23,0.9919
539,210,23,0.9949
540,210,23,0.9949
541,210,23,0.9944
542,210,23,0.9530
2406,214,43,0.8264
2407,214,43,0.9522
2408,214,43,0.9884
2409,214,43,0.9326
2410,214,43,0.4963
2411,214,43,0.8966
2412,214,43,0.2689
2413,214,43,0.7890
2414,214,43,0.9464
2415,214,43,0.9715
2729,215,17,0.8968
2730,215,17,0.9193
2731,215,17,0.6568
3086,217,132,0.9018
543,210,23,0.5904
544,210,23,0.0393
545,210,23,0.9647
546,210,23,0.5053
547,210,23,0.8571
548,210,23,0.8843
549,210,23,0.8733
550,210,23,0.8365
551,210,23,0.9287
552,210,23,0.8251
2416,214,43,0.4606
2417,214,43,0.9837
2418,214,43,0.8690
2419,214,43,0.9296
2420,214,43,0.1802
2421,214,43,0.6977
2422,214,43,0.9737
2423,214,43,0.9883
2424,214,43,0.9935
2425,214,43,0.9950
2732,215,17,0.6087
2733,215,17,0.6733
2734,215,17,0.6131
2735,215,17,0.5697
2736,215,17,0.9728
2737,215,17,0.7601
2738,215,17,0.1538
2739,215,17,0.7491
3087,217,132,0.0443
3088,217,132,0.4031
3089,217,132,0.9696
3090,217,132,0.9086
3091,217,132,0.0189
3092,217,132,0.7457
3093,217,132,0.8287
553,210,23,0.7377
554,210,23,0.4433
555,210,23,0.7973
556,210,23,0.8471
557,210,23,0.9366
558,210,23,0.8602
559,210,23,0.9285
560,210,23,0.9040
561,210,23,0.8130
562,210,23,0.8563
2426,214,43,0.9229
2427,214,43,0.7162
2428,214,43,0.9429
2429,214,43,0.7165
2430,214,43,0.2988
2431,214,43,0.9610
2432,214,43,0.8396
2433,214,43,0.4195
2434,214,43,0.9825
2740,215,17,0.9232
2741,215,17,0.9573
2742,215,17,0.9869
2743,215,17,0.9817
2744,215,17,0.9781
2745,215,17,0.8430
2746,215,17,0.9880
2747,215,17,0.6694
2748,215,17,0.0787
2749,215,17,0.4031
3094,217,132,0.9296
3095,217,132,0.9608
3096,217,132,0.9817
3097,217,132,0.9741
3098,217,132,0.8698
3099,217,132,0.6634
563,210,23,0.1947
564,210,23,0.1612
565,210,23,0.6587
566,210,23,0.8774
567,210,23,0.6857
568,210,23,0.9197
569,210,23,0.7076
570,210,23,0.8951
571,210,23,0.8398
572,210,23,0.9402
2435,214,17,0.7693
2436,214,17,0.6946
2437,214,17,0.9601
2438,214,17,0.9507
2439,214,17,0.9769
2440,214,17,0.9425
2441,214,17,0.0738
2442,214,17,0.7972
2443,214,17,0.9848
2444,214,17,0.9944
2750,215,17,0.6595
2751,215,17,0.2600
2752,215,17,0.9816
2753,215,17,0.9870
2754,215,17,0.9661
2755,215,17,0.9710
2756,215,17,0.9563
2757,215,17,0.9860
2758,215,17,0.9821
2759,215,17,0.1848
3100,217,132,0.5522
3101,217,132,0.9620
3102,217,132,0.9600
3103,217,132,0.3005
3104,217,132,0.1203
573,210,23,0.5587
574,210,23,0.4853
575,210,23,0.5599
576,210,23,0.8910
577,210,23,0.8612
578,210,23,0.8849
579,210,23,0.8757
580,210,23,0.9337
581,210,23,0.8562
582,210,23,0.8554
2445,214,17,0.9366
2446,214,17,0.9883
2447,214,17,0.8756
2448,214,17,0.7161
2449,214,17,0.7530
2450,214,17,0.5490
2451,214,17,0.9812
2452,214,17,0.4362
2453,214,17,0.9455
2454,214,17,0.9741
2760,215,17,0.7827
2761,215,17,0.6779
3105,217,132,0.1859
3106,217,132,0.6250
583,210,23,0.4048
584,210,23,0.3850
585,210,23,0.3455
586,210,23,0.1591
587,210,23,0.5847
588,210,23,0.4140
589,210,23,0.4177
590,210,23,0.3286
591,210,23,0.7763
592,210,23,0.5032
2455,214,93,0.8742
2456,214,93,0.2820
2457,214,93,0.3457
2458,214,93,0.8368
2459,214,93,0.9786
2460,214,93,0.9787
2461,214,93,0.3991
2462,214,93,0.8584
2463,214,93,0.9681
2464,214,93,0.9910
2762,215,17,0.1464
2763,215,17,0.6442
3107,217,132,0.9668
3108,217,132,0.6041
3109,217,132,0.5314
3110,217,132,0.8650
3111,217,132,0.7148
3112,217,132,0.3481
3113,217,132,0.3705
593,210,23,0.6609
594,210,23,0.2526
595,210,23,0.5084
596,210,23,0.6829
597,210,23,0.8963
598,210,23,0.7575
599,210,23,0.8522
600,210,23,0.5643
601,210,23,0.9085
602,210,23,0.8703
2465,214,93,0.5311
2466,214,93,0.1556
2467,214,93,0.5171
2468,214,93,0.9386
2469,214,93,0.9830
2470,214,93,0.9928
2471,214,93,0.9915
2472,214,93,0.9934
2473,214,93,0.9944
2474,214,93,0.9935
2764,215,17,0.8411
2765,215,17,0.1785
2766,215,17,0.8702
2767,215,17,0.7217
2768,215,17,0.7682
3114,217,132,0.8980
3115,217,132,0.8558
3116,217,132,0.0705
3117,217,132,0.9338
3118,217,132,0.9089
3119,217,132,0.7828
3120,217,132,0.9678
3121,217,132,0.9523
3122,217,132,0.9809
3123,217,132,0.9498
603,210,23,0.0640
604,210,23,0.1382
605,210,23,0.5971
606,210,23,0.8613
607,210,23,0.8519
608,210,23,0.9209
609,210,23,0.8074
610,210,23,0.9094
611,210,23,0.7590
612,210,23,0.6601
2475,214,93,0.5920
2476,214,93,0.4444
2477,214,93,0.9759
2478,214,93,0.8549
2479,214,93,0.9834
2480,214,93,0.9938
2481,214,93,0.9947
2482,214,93,0.9953
2483,214,93,0.9954
2484,214,93,0.9955
2769,215,17,0.5690
2770,215,17,0.6549
3124,217,132,0.9811
3125,217,132,0.7667
3126,217,132,0.2774
3127,217,132,0.5698
613,210,23,0.2638
614,210,23,0.2188
615,210,23,0.6751
616,210,23,0.8689
617,210,23,0.8396
618,210,23,0.9139
619,210,23,0.8840
620,210,23,0.9449
621,210,23,0.6798
622,210,23,0.8977
2485,214,93,0.8797
2486,214,93,0.9223
2487,214,93,0.9863
2488,214,93,0.9706
2489,214,93,0.8879
2490,214,93,0.9586
2491,214,93,0.8363
2492,214,93,0.9061
2493,214,93,0.9653
2494,214,93,0.9869
2771,215,17,0.9690
2772,215,17,0.9168
2773,215,17,0.4396
2774,215,17,0.3490
2775,215,17,0.6466
2776,215,17,0.4545
3128,217,132,0.7824
3129,217,132,0.6307
3130,217,132,0.6558
3131,217,132,0.6257
3132,217,132,0.8471
3133,217,132,0.8704
3134,217,132,0.9576
3135,217,132,0.3555
3136,217,132,0.4951
623,210,23,0.4892
624,210,23,0.3009
625,210,23,0.7236
626,210,23,0.8961
627,210,23,0.8630
628,210,23,0.5367
629,210,23,0.7875
630,210,23,0.9163
631,210,23,0.8859
632,210,23,0.9387
2495,214,93,0.5750
2777,215,17,0.9224
2778,215,17,0.5244
2779,215,17,0.2576
3137,217,132,0.4697
3138,217,132,0.9147
3139,217,132,0.5137
3140,217,132,0.9802
3141,217,132,0.8559
3142,217,132,0.9880
633,210,23,0.4877
634,210,23,0.2696
635,210,23,0.8737
636,210,23,0.4371
637,210,23,0.8318
638,210,23,0.8985
639,210,23,0.8447
640,210,23,0.9253
641,210,23,0.8895
642,210,23,0.9075
2496,214,93,0.9376
2497,214,93,0.0878
2498,214,93,0.9607
2499,214,93,0.9884
2500,214,93,0.9937
2501,214,93,0.9947
2502,214,93,0.9959
2503,214,93,0.9951
2504,214,93,0.9959
2505,214,93,0.9952
2780,215,17,0.8749
2781,215,17,0.9812
2782,215,17,0.9795
2783,215,17,0.9874
2784,215,17,0.7597
2785,215,17,0.8268
2786,215,17,0.1752
2787,215,17,0.4718
2788,215,17,0.9789
2789,215,17,0.6066
3143,217,132,0.8197
3144,217,132,0.9807
3145,217,132,0.5848
3146,217,132,0.9471
3147,217,132,0.9114
3148,217,132,0.9741
3149,217,132,0.8317
3150,217,132,0.9743
3151,217,132,0.9805
3152,217,132,0.9887
643,210,23,0.4987
644,210,23,0.3764
645,210,23,0.4234
646,210,23,0.5331
647,210,23,0.7644
648,210,23,0.9055
649,210,23,0.7367
650,210,23,0.8697
651,210,23,0.8391
652,210,23,0.5685
2790,215,93,0.8805
2791,215,93,0.9763
2792,215,93,0.9852
2793,215,93,0.9642
2794,215,93,0.9814
2795,215,93,0.9829
2796,215,93,0.9754
2797,215,93,0.9782
2798,215,93,0.3073
3153,217,23,0.9011
3154,217,23,0.9293
3155,217,23,0.9344
3156,217,23,0.7182
3157,217,23,0.1233
3158,217,23,0.5694
3159,217,23,0.6055
3160,217,23,0.2732
3161,217,23,0.7313
3162,217,23,0.5785
3453,218,132,0.8624
3454,218,132,0.9443
3455,218,132,0.0513
653,210,23,0.1145
654,210,23,0.1537
655,210,23,0.8466
656,210,23,0.8804
657,210,23,0.7868
658,210,23,0.8360
659,210,23,0.8190
660,210,23,0.8711
661,210,23,0.8629
662,210,23,0.8050
2799,215,23,0.4461
2800,215,23,0.9028
2801,215,23,0.7920
2802,215,23,0.9780
2803,215,23,0.6730
2804,215,23,0.8835
3163,217,23,0.9228
3164,217,23,0.8809
3165,217,23,0.4333
3166,217,23,0.9436
3167,217,23,0.9913
3168,217,23,0.9946
3169,217,23,0.9879
3170,217,23,0.9910
3171,217,23,0.9276
3172,217,23,0.9849
3456,218,132,0.8798
3457,218,132,0.0394
3458,218,132,0.8339
3459,218,132,0.9427
3460,218,132,0.9724
3461,218,132,0.9533
3462,218,132,0.9674
3463,218,132,0.9858
3464,218,132,0.3375
3465,218,132,0.9233
663,210,23,0.4792
664,210,23,0.2473
665,210,23,0.5341
666,210,23,0.6056
667,210,23,0.6768
668,210,23,0.9103
669,210,23,0.9023
670,210,23,0.9075
671,210,23,0.1169
672,210,23,0.4940
3173,217,23,0.9278
3174,217,23,0.9784
3175,217,23,0.9556
3176,217,23,0.8327
3177,217,23,0.9788
3178,217,23,0.9932
3179,217,23,0.9918
3180,217,23,0.9959
3181,217,23,0.9959
3182,217,23,0.9957
3466,218,132,0.7553
3467,218,132,0.9268
3468,218,132,0.9828
3469,218,132,0.9617
3470,218,132,0.9898
3471,218,132,0.9105
3472,218,132,0.8700
3473,218,132,0.9835
3474,218,132,0.9889
3475,218,132,0.8879
3545,219,132,0.8434
3546,219,132,0.9460
3547,219,132,0.9667
3548,219,132,0.9644
3549,219,132,0.9449
3550,219,132,0.9852
3551,219,132,0.9717
3552,219,132,0.9830
3553,219,132,0.9877
3554,219,132,0.9794
673,210,23,0.2522
674,210,23,0.1373
675,210,23,0.3236
676,210,23,0.8089
677,210,23,0.8568
678,210,23,0.9444
679,210,23,0.7350
680,210,23,0.9278
681,210,23,0.5632
682,210,23,0.8450
3183,217,23,0.9614
3184,217,23,0.2893
3185,217,23,0.9721
3186,217,23,0.9927
3187,217,23,0.9934
3188,217,23,0.9953
3189,217,23,0.9948
3190,217,23,0.9953
3191,217,23,0.9954
3192,217,23,0.9949
3476,218,23,0.9088
3477,218,23,0.5350
3478,218,23,0.7466
3479,218,23,0.7515
3480,218,23,0.8803
3481,218,23,0.7651
3482,218,23,0.7114
3483,218,23,0.9811
3484,218,23,0.9876
3485,218,23,0.7683
3555,219,23,0.9461
3556,219,23,0.9325
3557,219,23,0.1031
3558,219,23,0.8773
3559,219,23,0.5686
3560,219,23,0.8460
3561,219,23,0.5786
3562,219,23,0.8230
3563,219,23,0.0672
3564,219,23,0.8201
683,210,23,0.1968
684,210,23,0.1082
685,210,23,0.4144
686,210,23,0.8201
687,210,23,0.8280
688,210,23,0.9134
689,210,23,0.7800
690,210,23,0.9409
691,210,23,0.4694
692,210,23,0.7920
3193,217,23,0.5322
3194,217,23,0.2794
3195,217,23,0.8604
3196,217,23,0.9788
3197,217,23,0.9924
3198,217,23,0.9933
3199,217,23,0.9929
3200,217,23,0.9934
3201,217,23,0.0063
3202,217,23,0.9483
3486,218,107,0.9033
3487,218,107,0.6959
3488,218,107,0.9819
3489,218,107,0.9793
3490,218,107,0.8446
3491,218,107,0.5121
3492,218,107,0.8735
3493,218,107,0.9385
3494,218,107,0.9805
3495,218,107,0.9725
3565,219,23,0.4430
3566,219,23,0.8455
3567,219,23,0.9613
3568,219,23,0.0506
3569,219,23,0.9058
3570,219,23,0.5616
3571,219,23,0.7497
3572,219,23,0.4182
3573,219,23,0.8545
3574,219,23,0.9451
693,210,23,0.4978
694,210,23,0.1309
695,210,23,0.4970
696,210,23,0.8200
697,210,23,0.8401
698,210,23,0.9290
699,210,23,0.8890
700,210,23,0.9376
701,210,23,0.8593
702,210,23,0.0729
3203,217,23,0.7786
3204,217,23,0.2497
3205,217,23,0.8311
3206,217,23,0.9614
3207,217,23,0.0135
3208,217,23,0.7283
3209,217,23,0.8175
3210,217,23,0.9255
3211,217,23,0.1312
3212,217,23,0.1563
3496,218,43,0.9696
3497,218,43,0.7876
3498,218,43,0.9771
3499,218,43,0.9811
3500,218,43,0.9893
3501,218,43,0.7489
3502,218,43,0.5278
3503,218,43,0.8605
3504,218,43,0.8991
3505,218,43,0.5547
3575,219,23,0.7912
3576,219,23,0.9698
3577,219,23,0.9411
3578,219,23,0.9831
3579,219,23,0.0628
3580,219,23,0.8957
3581,219,23,0.3593
3582,219,23,0.6914
3583,219,23,0.7766
3584,219,23,0.8909
703,210,23,0.5075
704,210,23,0.7386
705,210,23,0.7146
706,210,23,0.8262
707,210,23,0.0836
708,210,23,0.5923
709,210,23,0.5075
710,210,23,0.6017
711,210,23,0.3352
712,210,23,0.7567
3213,217,23,0.4712
3214,217,23,0.1857
3215,217,23,0.6927
3216,217,23,0.9418
3217,217,23,0.9775
3218,217,23,0.9907
3219,217,23,0.9931
3220,217,23,0.9934
3221,217,23,0.9942
3222,217,23,0.9935
3506,218,43,0.9096
3507,218,43,0.9865
3508,218,43,0.9753
3509,218,43,0.9627
3510,218,43,0.9838
3511,218,43,0.9772
3512,218,43,0.7816
3513,218,43,0.7700
3514,218,43,0.9804
3585,219,23,0.4467
3586,219,23,0.9776
3587,219,23,0.3691
3588,219,23,0.4245
3589,219,23,0.4041
3590,219,23,0.4522
3591,219,23,0.3788
3592,219,23,0.9011
3593,219,23,0.9483
3594,219,23,0.2558
713,210,23,0.5343
714,210,23,0.5563
715,210,23,0.8759
716,210,23,0.7801
717,210,23,0.9230
718,210,23,0.8044
719,210,23,0.8641
720,210,23,0.8774
721,210,23,0.9380
722,210,23,0.9021
3223,217,23,0.4295
3224,217,23,0.2584
3225,217,23,0.7302
3226,217,23,0.0336
3227,217,23,0.5094
3228,217,23,0.1994
3229,217,23,0.5929
3230,217,23,0.4445
3231,217,23,0.6712
3232,217,23,0.1210
3515,218,17,0.7860
3516,218,17,0.9502
3517,218,17,0.1273
3518,218,17,0.3741
3519,218,17,0.5905
3520,218,17,0.7348
3521,218,17,0.9621
3522,218,17,0.1651
3523,218,17,0.9674
3524,218,17,0.4427
3595,219,23,0.4600
3596,219,23,0.6998
3597,219,23,0.3439
3598,219,23,0.9365
3599,219,23,0.8850
3600,219,23,0.8712
3601,219,23,0.9084
3602,219,23,0.8857
3603,219,23,0.0737
3604,219,23,0.5790
723,210,23,0.1235
724,210,23,0.1055
725,210,23,0.6645
726,210,23,0.7939
727,210,23,0.8142
728,210,23,0.9201
729,210,23,0.8762
730,210,23,0.9327
731,210,23,0.7260
732,210,23,0.9014
3233,217,23,0.9161
3234,217,23,0.3261
3235,217,23,0.7661
3236,217,23,0.8070
3237,217,23,0.9575
3238,217,23,0.9857
3239,217,23,0.9869
3240,217,23,0.9923
3241,217,23,0.9931
3242,217,23,0.9917
3525,218,17,0.7781
3526,218,17,0.8342
3527,218,17,0.9658
3528,218,17,0.9612
3529,218,17,0.5648
3530,218,17,0.4031
3531,218,17,0.5410
3532,218,17,0.9187
3533,218,17,0.7756
3534,218,17,0.5717
3605,219,23,0.8422
3606,219,23,0.6961
3607,219,23,0.3475
3608,219,23,0.8189
3609,219,23,0.8728
3610,219,23,0.7141
3611,219,23,0.9060
3612,219,23,0.8574
3613,219,23,0.0611
3614,219,23,0.7160
733,210,23,0.0906
734,210,23,0.1018
735,210,23,0.8929
736,210,23,0.9090
737,210,23,0.8848
738,210,23,0.9056
739,210,23,0.6530
740,210,23,0.9135
741,210,23,0.8770
742,210,23,0.9120
3243,217,23,0.9672
3244,217,23,0.8390
3245,217,23,0.9690
3246,217,23,0.9466
3247,217,23,0.9871
3248,217,23,0.9899
3249,217,23,0.9945
3250,217,23,0.9936
3251,217,23,0.9941
3252,217,23,0.9938
3535,218,93,0.7072
3536,218,93,0.9848
3537,218,93,0.9855
3538,218,93,0.9837
3539,218,93,0.9768
3540,218,93,0.9879
3541,218,93,0.9708
3542,218,93,0.9844
3543,218,93,0.8743
3544,218,93,0.9550
3615,219,23,0.8980
3616,219,23,0.3658
3617,219,23,0.8408
3618,219,23,0.4720
3619,219,23,0.9229
3620,219,23,0.9109
3621,219,23,0.8445
3622,219,23,0.1097
3623,219,23,0.7041
3624,219,23,0.7421
743,210,23,0.4784
744,210,23,0.2898
745,210,23,0.5988
746,210,23,0.6203
747,210,23,0.7462
748,210,23,0.9301
749,210,23,0.8572
750,210,23,0.9301
751,210,23,0.6394
752,210,23,0.9168
3253,217,23,0.7297
3254,217,23,0.3163
3255,217,23,0.9729
3256,217,23,0.9935
3257,217,23,0.9950
3258,217,23,0.9941
3259,217,23,0.9947
3260,217,23,0.9868
3261,217,23,0.9951
3262,217,23,0.9936
3625,219,23,0.8255
3626,219,23,0.1240
3627,219,23,0.4372
3628,219,23,0.5340
3629,219,23,0.6033
3630,219,23,0.7151
3631,219,23,0.1607
3632,219,23,0.6316
3633,219,23,0.6785
3634,219,23,0.7832
4103,220,132,0.7171
4104,220,132,0.7068
4105,220,132,0.8206
4106,220,132,0.9215
4107,220,132,0.6806
4108,220,132,0.9808
4109,220,132,0.9904
4110,220,132,0.9700
4111,220,132,0.9871
4112,220,132,0.0210
753,210,23,0.4458
754,210,23,0.2902
755,210,23,0.5852
756,210,23,0.8657
757,210,23,0.7427
758,210,23,0.9197
759,210,23,0.7789
760,210,23,0.9098
761,210,23,0.8710
762,210,23,0.0773
3263,217,23,0.9684
3264,217,23,0.2750
3265,217,23,0.9212
3266,217,23,0.9837
3267,217,23,0.9918
3268,217,23,0.9936
3269,217,23,0.9933
3270,217,23,0.0165
3271,217,23,0.7296
3272,217,23,0.2981
3635,219,23,0.2696
3636,219,23,0.2257
3637,219,23,0.7707
3638,219,23,0.4975
3639,219,23,0.9351
3640,219,23,0.9815
3641,219,23,0.9916
3642,219,23,0.9948
3643,219,23,0.9961
3644,219,23,0.9967
4113,220,132,0.9573
4114,220,132,0.9524
4115,220,132,0.9764
4116,220,132,0.5926
4117,220,132,0.1132
763,210,23,0.7789
764,210,23,0.2736
765,210,23,0.8182
766,210,23,0.6084
767,210,23,0.8648
768,210,23,0.8707
769,210,23,0.9473
770,210,23,0.8814
771,210,23,0.9406
772,210,23,0.8673
3273,217,23,0.1407
3274,217,23,0.6771
3275,217,23,0.8808
3276,217,23,0.9727
3277,217,23,0.9869
3278,217,23,0.0075
3279,217,23,0.5993
3280,217,23,0.5567
3281,217,23,0.9617
3282,217,23,0.9149
3645,219,23,0.8359
3646,219,23,0.2041
3647,219,23,0.9053
3648,219,23,0.8235
3649,219,23,0.1503
3650,219,23,0.5870
3651,219,23,0.4839
3652,219,23,0.7330
3653,219,23,0.7062
3654,219,23,0.9170
4118,220,132,0.8126
4119,220,132,0.8870
4120,220,132,0.8469
4121,220,132,0.9688
4122,220,132,0.9248
4123,220,132,0.3712
4124,220,132,0.8347
4125,220,132,0.9292
4126,220,132,0.9051
4127,220,132,0.9626
773,210,23,0.4843
774,210,23,0.2837
775,210,23,0.3965
776,210,23,0.8489
777,210,23,0.4714
778,210,23,0.8403
779,210,23,0.7883
780,210,23,0.9262
781,210,23,0.6798
782,210,23,0.1054
3283,217,23,0.0790
3284,217,23,0.8020
3285,217,23,0.7355
3286,217,23,0.7612
3287,217,23,0.9535
3288,217,23,0.9795
3289,217,23,0.9893
3290,217,23,0.9947
3291,217,23,0.6938
3292,217,23,0.6435
3655,219,23,0.2213
3656,219,23,0.1229
3657,219,23,0.9407
3658,219,23,0.8057
3659,219,23,0.8430
3660,219,23,0.8305
3661,219,23,0.8497
3662,219,23,0.0707
3663,219,23,0.6940
3664,219,23,0.3420
4128,220,132,0.9464
4129,220,132,0.4063
4130,220,132,0.9832
783,210,23,0.2173
784,210,23,0.2055
785,210,23,0.3342
786,210,23,0.5084
787,210,23,0.5717
788,210,23,0.8792
789,210,23,0.7821
790,210,23,0.9248
791,210,23,0.8771
792,210,23,0.9371
3293,217,107,0.5962
3294,217,107,0.8322
3295,217,107,0.9231
3296,217,107,0.9854
3297,217,107,0.9727
3298,217,107,0.7819
3299,217,107,0.2852
3300,217,107,0.9808
3301,217,107,0.8830
3302,217,107,0.9772
3665,219,23,0.4905
3666,219,23,0.5227
3667,219,23,0.8206
3668,219,23,0.1034
3669,219,23,0.7089
3670,219,23,0.2822
3671,219,23,0.4692
3672,219,23,0.7856
3673,219,23,0.6635
3674,219,23,0.0916
4131,220,132,0.0511
4132,220,132,0.5891
793,210,23,0.4927
794,210,23,0.2168
795,210,23,0.6703
796,210,23,0.8721
797,210,23,0.7060
798,210,23,0.9164
799,210,23,0.7463
800,210,23,0.9163
801,210,23,0.8511
802,210,23,0.9147
3303,217,43,0.9318
3304,217,43,0.9320
3305,217,43,0.9782
3306,217,43,0.9848
3307,217,43,0.0810
3308,217,43,0.9820
3309,217,43,0.9211
3310,217,43,0.9758
3311,217,43,0.9216
3312,217,43,0.8777
3675,219,23,0.1028
3676,219,23,0.8226
3677,219,23,0.0296
3678,219,23,0.4276
3679,219,23,0.1721
3680,219,23,0.6591
3681,219,23,0.2718
3682,219,23,0.7830
3683,219,23,0.9065
3684,219,23,0.7700
4133,220,132,0.6575
4134,220,132,0.9621
4135,220,132,0.9837
4136,220,132,0.9803
4137,220,132,0.3295
4138,220,132,0.9820
803,210,23,0.1119
804,210,23,0.0726
805,210,23,0.8879
806,210,23,0.8601
807,210,23,0.9083
808,210,23,0.8848
809,210,23,0.8724
810,210,23,0.9331
811,210,23,0.8393
812,210,23,0.9283
3313,217,43,0.9679
3314,217,43,0.9766
3315,217,43,0.8854
3316,217,43,0.9701
3317,217,43,0.9691
3318,217,43,0.3896
3319,217,43,0.7568
3320,217,43,0.9327
3685,219,23,0.8697
3686,219,23,0.8293
3687,219,23,0.2057
3688,219,23,0.1633
3689,219,23,0.3561
3690,219,23,0.3241
3691,219,23,0.2605
3692,219,23,0.8318
3693,219,23,0.5949
3694,219,23,0.8122
4139,220,132,0.8444
4140,220,132,0.2096
4141,220,132,0.7009
813,210,23,0.3085
814,210,23,0.0620
815,210,23,0.5878
816,210,23,0.8237
817,210,23,0.7408
818,210,23,0.7435
819,210,23,0.6545
820,210,23,0.9049
821,210,23,0.8837
822,210,23,0.0627
3321,217,43,0.9485
3322,217,43,0.8695
3323,217,43,0.9783
3324,217,43,0.5245
3325,217,43,0.4341
3326,217,43,0.8290
3327,217,43,0.5373
3328,217,43,0.8440
3695,219,107,0.9399
3696,219,107,0.1383
3697,219,107,0.9182
3698,219,107,0.9736
3699,219,107,0.9837
3700,219,107,0.9670
3701,219,107,0.8432
3702,219,107,0.9656
3703,219,107,0.4469
4142,220,132,0.9483
4143,220,132,0.9733
4144,220,132,0.9037
4145,220,132,0.4329
823,210,23,0.6369
824,210,23,0.8062
825,210,23,0.8677
826,210,23,0.7026
827,210,23,0.9097
828,210,23,0.8165
829,210,23,0.6808
830,210,23,0.7154
831,210,23,0.8061
832,210,23,0.8567
3329,217,43,0.2867
3330,217,43,0.5461
3704,219,43,0.9214
3705,219,43,0.8834
3706,219,43,0.9819
3707,219,43,0.4652
3708,219,43,0.8667
3709,219,43,0.7629
3710,219,43,0.6171
3711,219,43,0.9423
3712,219,43,0.1250
3713,219,43,0.2794
4146,220,132,0.6816
4147,220,132,0.9666
4148,220,132,0.9756
4149,220,132,0.9460
4150,220,132,0.3007
4151,220,132,0.6443
833,210,23,0.0742
834,210,23,0.1158
835,210,23,0.8045
836,210,23,0.1108
837,210,23,0.3822
838,210,23,0.2523
839,210,23,0.6691
840,210,23,0.8486
841,210,23,0.9375
842,210,23,0.8973
3331,217,43,0.8700
3332,217,43,0.7254
3333,217,43,0.8138
3714,219,43,0.7939
3715,219,43,0.2820
3716,219,43,0.8626
3717,219,43,0.7388
3718,219,43,0.9715
3719,219,43,0.9878
3720,219,43,0.9963
3721,219,43,0.9927
3722,219,43,0.9963
3723,219,43,0.9969
4152,220,132,0.8621
4153,220,132,0.1677
4154,220,132,0.3177
843,210,23,0.2068
844,210,23,0.1769
845,210,23,0.5657
846,210,23,0.2494
847,210,23,0.3041
848,210,23,0.2437
849,210,23,0.7198
850,210,23,0.8722
851,210,23,0.8999
852,210,23,0.8935
3334,217,43,0.8782
3335,217,43,0.9788
3336,217,43,0.9884
3337,217,43,0.9875
3338,217,43,0.7632
3339,217,43,0.6437
3340,217,43,0.9673
3724,219,43,0.4361
3725,219,43,0.3826
3726,219,43,0.8690
3727,219,43,0.1121
3728,219,43,0.3421
3729,219,43,0.4942
3730,219,43,0.1608
3731,219,43,0.2197
3732,219,43,0.6327
3733,219,43,0.4029
4155,220,132,0.6400
4156,220,132,0.9747
4157,220,132,0.6875
4158,220,132,0.9829
4159,220,132,0.9752
4160,220,132,0.9891
4161,220,132,0.8533
4162,220,132,0.9769
4163,220,132,0.9873
4164,220,132,0.9748
853,210,23,0.2685
854,210,23,0.2793
855,210,23,0.3538
856,210,23,0.1903
857,210,23,0.5492
858,210,23,0.3439
859,210,23,0.7982
860,210,23,0.6648
861,210,23,0.8969
862,210,23,0.3432
3341,217,43,0.9043
3342,217,43,0.7891
3343,217,43,0.6601
3344,217,43,0.6845
3345,217,43,0.7227
3346,217,43,0.9777
3347,217,43,0.9883
3348,217,43,0.8407
3349,217,43,0.6367
3734,219,43,0.6965
3735,219,43,0.5146
3736,219,43,0.1167
3737,219,43,0.4878
3738,219,43,0.8958
3739,219,43,0.5835
3740,219,43,0.7197
3741,219,43,0.9055
3742,219,43,0.0354
3743,219,43,0.1707
4165,220,23,0.8969
4166,220,23,0.6169
4167,220,23,0.9622
4168,220,23,0.6827
4169,220,23,0.9016
4170,220,23,0.9658
4171,220,23,0.8609
4172,220,23,0.9298
4173,220,23,0.4182
4174,220,23,0.8730
863,210,23,0.1042
864,210,23,0.1059
865,210,23,0.6458
866,210,23,0.8176
867,210,23,0.8659
868,210,23,0.7680
869,210,23,0.8066
870,210,23,0.9334
871,210,23,0.8090
872,210,23,0.9131
3350,217,17,0.5695
3351,217,17,0.5934
3352,217,17,0.7324
3353,217,17,0.5042
3354,217,17,0.9235
3744,219,43,0.7368
3745,219,43,0.7211
3746,219,43,0.8743
3747,219,43,0.6797
3748,219,43,0.9721
3749,219,43,0.9888
3750,219,43,0.9947
3751,219,43,0.9963
3752,219,43,0.9959
3753,219,43,0.9962
4175,220,23,0.8504
4176,220,23,0.9824
4177,220,23,0.2291
873,210,23,0.7320
874,210,23,0.2644
875,210,23,0.7964
876,210,23,0.8570
877,210,23,0.9200
878,210,23,0.8920
879,210,23,0.9268
880,210,23,0.7819
881,210,23,0.9211
882,210,23,0.6867
3355,217,17,0.5011
3356,217,17,0.9445
3357,217,17,0.9809
3358,217,17,0.9095
3359,217,17,0.9853
3360,217,17,0.9626
3361,217,17,0.9888
3362,217,17,0.9502
3363,217,17,0.8002
3754,219,43,0.1861
3755,219,43,0.6186
3756,219,43,0.9112
3757,219,43,0.9834
3758,219,43,0.9912
3759,219,43,0.9952
3760,219,43,0.9963
3761,219,43,0.9966
3762,219,43,0.9971
3763,219,43,0.9946
4178,220,23,0.7853
4179,220,23,0.1924
4180,220,23,0.5640
4181,220,23,0.6729
4182,220,23,0.7332
4183,220,23,0.7427
4184,220,23,0.9618
4185,220,23,0.9113
4186,220,23,0.8290
4187,220,23,0.7144
883,210,23,0.4015
884,210,23,0.2394
885,210,23,0.2325
886,210,23,0.6409
887,210,23,0.8685
888,210,23,0.8953
889,210,23,0.9423
890,210,23,0.8950
891,210,23,0.8702
892,210,23,0.8020
3364,217,93,0.5941
3365,217,93,0.5244
3366,217,93,0.8746
3764,219,43,0.5510
3765,219,43,0.5948
3766,219,43,0.9541
3767,219,43,0.9670
3768,219,43,0.9329
3769,219,43,0.8284
3770,219,43,0.3646
3771,219,43,0.3362
3772,219,43,0.2782
3773,219,43,0.4062
4188,220,23,0.5223
4189,220,23,0.7750
4190,220,23,0.6384
893,210,23,0.8856
894,210,23,0.3358
895,210,23,0.5214
896,210,23,0.4572
897,210,23,0.3092
898,210,23,0.8056
899,210,23,0.8511
900,210,23,0.9181
901,210,23,0.9067
902,210,23,0.9239
3367,217,93,0.8179
3368,217,93,0.4519
3369,217,93,0.4206
3370,217,93,0.7426
3371,217,93,0.8733
3372,217,93,0.5825
3774,219,43,0.6461
3775,219,43,0.9734
3776,219,43,0.8500
3777,219,43,0.8696
3778,219,43,0.9799
3779,219,43,0.9662
3780,219,43,0.8653
3781,219,43,0.4001
3782,219,43,0.3872
3783,219,43,0.3198
4191,220,23,0.9133
4192,220,23,0.9728
4193,220,23,0.5484
4194,220,23,0.5976
903,210,23,0.5087
904,210,23,0.7333
905,210,23,0.1158
906,210,23,0.2733
907,210,23,0.3421
908,210,23,0.6647
909,210,23,0.3521
910,210,23,0.8561
911,210,23,0.7101
912,210,23,0.9227
3373,217,93,0.5533
3374,217,93,0.4991
3375,217,93,0.9723
3376,217,93,0.9852
3377,217,93,0.9768
3378,217,93,0.9253
3379,217,93,0.7707
3380,217,93,0.3680
3381,217,93,0.0936
3784,219,17,0.5302
3785,219,17,0.5088
3786,219,17,0.2566
3787,219,17,0.5967
3788,219,17,0.1604
3789,219,17,0.7395
3790,219,17,0.8199
3791,219,17,0.9034
3792,219,17,0.9187
3793,219,17,0.9817
4195,220,23,0.9247
4196,220,23,0.0137
4197,220,23,0.4068
913,210,23,0.2529
914,210,23,0.1827
915,210,23,0.3905
916,210,23,0.7755
917,210,23,0.8720
918,210,23,0.9241
919,210,23,0.8624
920,210,23,0.9255
921,210,23,0.0927
922,210,23,0.4576
3382,217,93,0.6857
3383,217,93,0.8778
3384,217,93,0.9049
3385,217,93,0.7705
3386,217,93,0.8459
3794,219,17,0.8629
3795,219,17,0.7267
3796,219,17,0.8502
3797,219,17,0.8291
3798,219,17,0.4651
3799,219,17,0.2144
3800,219,17,0.3006
3801,219,17,0.5919
3802,219,17,0.9236
3803,219,17,0.9705
4198,220,23,0.7555
4199,220,23,0.1413
4200,220,23,0.4921
4201,220,23,0.6540
4202,220,23,0.7327
4203,220,23,0.9584
4204,220,23,0.9620
4205,220,23,0.9921
4206,220,23,0.9955
4207,220,23,0.9827
923,210,23,0.5361
924,210,23,0.2475
925,210,23,0.6392
926,210,23,0.7835
927,210,23,0.6784
928,210,23,0.9145
929,210,23,0.8274
930,210,23,0.9113
931,210,23,0.6995
932,210,23,0.6066
3387,217,93,0.5864
3388,217,93,0.6435
3804,219,17,0.5118
3805,219,17,0.7485
3806,219,17,0.5672
3807,219,17,0.8436
3808,219,17,0.9489
3809,219,17,0.9728
3810,219,17,0.5475
3811,219,17,0.7472
3812,219,17,0.9598
3813,219,17,0.9840
4208,220,23,0.8205
4209,220,23,0.0995
4210,220,23,0.3592
933,210,23,0.1896
934,210,23,0.2183
935,210,23,0.7210
936,210,23,0.9034
937,210,23,0.8336
938,210,23,0.9236
939,210,23,0.7223
940,210,23,0.9208
941,210,23,0.8922
942,210,23,0.9454
3389,217,93,0.0443
3390,217,93,0.6876
3814,219,17,0.4073
3815,219,17,0.1548
3816,219,17,0.1396
3817,219,17,0.5386
3818,219,17,0.5110
3819,219,17,0.5614
3820,219,17,0.5975
3821,219,17,0.6908
3822,219,17,0.6142
3823,219,17,0.6913
4211,220,23,0.7457
4212,220,23,0.7804
4213,220,23,0.8811
4214,220,23,0.7560
4215,220,23,0.4319
4216,220,23,0.0225
4217,220,23,0.0592
943,210,23,0.2171
944,210,23,0.1715
945,210,23,0.5594
946,210,23,0.8832
947,210,23,0.7732
948,210,23,0.9075
949,210,23,0.6365
950,210,23,0.8832
951,210,23,0.5833
952,210,23,0.8902
3391,217,93,0.6473
3392,217,93,0.7299
3824,219,17,0.3727
3825,219,17,0.6761
3826,219,17,0.9128
3827,219,17,0.7395
3828,219,17,0.9515
3829,219,17,0.0129
3830,219,17,0.6619
3831,219,17,0.2875
3832,219,17,0.0521
3833,219,17,0.4265
4218,220,23,0.8242
4219,220,23,0.7045
953,210,23,0.2261
954,210,23,0.5837
955,210,23,0.6199
956,210,23,0.9038
957,210,23,0.7711
958,210,23,0.2996
959,210,23,0.4912
960,210,23,0.2665
961,210,23,0.7921
962,210,23,0.8651
3393,217,93,0.8772
3394,217,93,0.8269
3395,217,93,0.9474
3396,217,93,0.4760
3397,217,93,0.0242
3834,219,17,0.7965
3835,219,17,0.5582
3836,219,17,0.9105
3837,219,17,0.6362
3838,219,17,0.2261
3839,219,17,0.5255
3840,219,17,0.4853
3841,219,17,0.1336
3842,219,17,0.7351
3843,219,17,0.8544
4220,220,23,0.8060
4221,220,23,0.1773
4222,220,23,0.6837
4223,220,23,0.9371
4224,220,23,0.9714
4225,220,23,0.9862
4226,220,23,0.9733
4227,220,23,0.0329
963,210,23,0.4229
964,210,23,0.2945
965,210,23,0.2781
966,210,23,0.7456
3398,217,93,0.9025
3399,217,93,0.8448
3400,217,93,0.8920
3401,217,93,0.9780
3402,217,93,0.7714
3403,217,93,0.6521
3844,219,17,0.8593
3845,219,17,0.9526
3846,219,17,0.0532
3847,219,17,0.1962
3848,219,17,0.5429
3849,219,17,0.4103
3850,219,17,0.4445
3851,219,17,0.8346
3852,219,17,0.2123
3853,219,17,0.5692
4228,220,23,0.9596
4229,220,23,0.7567
4230,220,23,0.4248
4231,220,23,0.7770
4232,220,23,0.9623
4233,220,23,0.9707
4234,220,23,0.9879
4235,220,23,0.9830
4236,220,23,0.5475
4237,220,23,0.9855
3404,217,93,0.4366
3405,217,93,0.6767
3854,219,17,0.2670
3855,219,17,0.2373
3856,219,17,0.1227
3857,219,17,0.7025
3858,219,17,0.3352
3859,219,17,0.4850
3860,219,17,0.4488
3861,219,17,0.7998
3862,219,17,0.5310
3863,219,17,0.6790
4238,220,107,0.7543
4239,220,107,0.9182
4240,220,107,0.8730
4241,220,107,0.9690
4242,220,107,0.9841
4243,220,107,0.6410
4244,220,107,0.9489
4245,220,107,0.9758
4246,220,107,0.9554
4412,221,132,0.7427
4413,221,132,0.4676
4414,221,132,0.9474
4415,221,132,0.9779
4416,221,132,0.0214
4417,221,132,0.9081
4418,221,132,0.9699
4419,221,132,0.9820
4420,221,132,0.9786
4421,221,132,0.9884
3406,217,93,0.8979
3407,217,93,0.9826
3408,217,93,0.9027
3409,217,93,0.3184
3410,217,93,0.8309
3411,217,93,0.9587
3412,217,93,0.9185
3413,217,93,0.8346
3414,217,93,0.9566
3415,217,93,0.2834
3864,219,17,0.0422
3865,219,17,0.5847
3866,219,17,0.5418
3867,219,17,0.7164
3868,219,17,0.0424
3869,219,17,0.4931
3870,219,17,0.7730
3871,219,17,0.7618
3872,219,17,0.8692
3873,219,17,0.8958
4247,220,43,0.3592
4248,220,43,0.6234
4422,221,132,0.9322
4423,221,132,0.9754
4424,221,132,0.9869
4425,221,132,0.9880
4426,221,132,0.9757
4427,221,132,0.3017
4428,221,132,0.7090
4429,221,132,0.9809
4430,221,132,0.8036
4431,221,132,0.8767
3416,217,93,0.9119
3417,217,93,0.1970
3418,217,93,0.8943
3874,219,17,0.4464
3875,219,17,0.9628
3876,219,17,0.9140
3877,219,17,0.8095
3878,219,17,0.4024
3879,219,17,0.4203
3880,219,17,0.5617
3881,219,17,0.2533
3882,219,17,0.7646
3883,219,17,0.8593
4249,220,43,0.7547
4250,220,43,0.9656
4251,220,43,0.8497
4252,220,43,0.9788
4253,220,43,0.9075
4254,220,43,0.3648
4255,220,43,0.7567
4256,220,43,0.6841
4257,220,43,0.6032
4432,221,132,0.8522
4433,221,132,0.1599
4434,221,132,0.3874
4435,221,132,0.4608
4436,221,132,0.8572
4437,221,132,0.9811
4438,221,132,0.8076
4439,221,132,0.9515
4440,221,132,0.9123
4441,221,132,0.9773
3419,217,93,0.5780
3420,217,93,0.9184
3421,217,93,0.9816
3422,217,93,0.2621
3423,217,93,0.5747
3424,217,93,0.9584
3425,217,93,0.7940
3426,217,93,0.8119
3884,219,17,0.3003
3885,219,17,0.3120
3886,219,17,0.7217
3887,219,17,0.1457
3888,219,17,0.5504
3889,219,17,0.3718
3890,219,17,0.6594
3891,219,17,0.5838
3892,219,17,0.6568
3893,219,17,0.5252
4258,220,43,0.8853
4259,220,43,0.9520
4260,220,43,0.2347
4261,220,43,0.8560
4262,220,43,0.8747
4263,220,43,0.9629
4264,220,43,0.5902
4265,220,43,0.3180
4442,221,132,0.9656
4443,221,132,0.4431
4444,221,132,0.3487
4445,221,132,0.9714
4446,221,132,0.9823
4447,221,132,0.8634
4448,221,132,0.8075
4449,221,132,0.6874
4450,221,132,0.9715
4451,221,132,0.1792
3427,217,93,0.9601
3428,217,93,0.9660
3429,217,93,0.0178
3430,217,93,0.2569
3894,219,17,0.0654
3895,219,17,0.6107
3896,219,17,0.0859
3897,219,17,0.5718
3898,219,17,0.3962
3899,219,17,0.7066
3900,219,17,0.8480
3901,219,17,0.0507
3902,219,17,0.5039
3903,219,17,0.7832
4266,220,43,0.4250
4267,220,43,0.6722
4452,221,132,0.9405
4453,221,132,0.9453
4454,221,132,0.9810
4455,221,132,0.9326
4456,221,132,0.9722
4457,221,132,0.9882
4458,221,132,0.1723
4459,221,132,0.9213
4460,221,132,0.9854
4461,221,132,0.9797
3431,217,93,0.7628
3432,217,93,0.4562
3433,217,93,0.6713
3904,219,17,0.0597
3905,219,17,0.1768
3906,219,17,0.3966
3907,219,17,0.8051
3908,219,17,0.8445
3909,219,17,0.9528
3910,219,17,0.9873
3911,219,17,0.9892
3912,219,17,0.9908
3913,219,17,0.9880
4268,220,43,0.0428
4269,220,43,0.9759
4462,221,132,0.9364
4463,221,132,0.9818
4464,221,132,0.9840
4465,221,132,0.6775
4466,221,132,0.9749
4467,221,132,0.5356
3434,217,93,0.8248
3435,217,93,0.7713
3436,217,93,0.7029
3914,219,17,0.1682
3915,219,17,0.7314
3916,219,17,0.1761
3917,219,17,0.5321
3918,219,17,0.8163
3919,219,17,0.7740
3920,219,17,0.0751
3921,219,17,0.5929
3922,219,17,0.4667
3923,219,17,0.3759
4270,220,43,0.9274
4271,220,43,0.9851
4272,220,43,0.9635
4273,220,43,0.6666
4274,220,43,0.4201
4275,220,43,0.6529
4276,220,43,0.3182
4277,220,43,0.7633
4468,221,132,0.0197
4469,221,132,0.6853
3437,217,93,0.5745
3438,217,93,0.6756
3439,217,93,0.8274
3924,219,17,0.0337
3925,219,17,0.6585
3926,219,17,0.8187
3927,219,17,0.8611
3928,219,17,0.4461
3929,219,17,0.6575
3930,219,17,0.5812
3931,219,17,0.4123
3932,219,17,0.4219
3933,219,17,0.8493
4278,220,43,0.8656
4279,220,43,0.6257
4280,220,43,0.7343
4281,220,43,0.5274
4282,220,43,0.3941
4283,220,43,0.3097
4284,220,43,0.2662
4285,220,43,0.9221
4286,220,43,0.9911
4287,220,43,0.9926
4470,221,132,0.8634
4471,221,132,0.9501
4472,221,132,0.4778
4473,221,132,0.4345
3440,217,93,0.9528
3441,217,93,0.2232
3442,217,93,0.1871
3934,219,17,0.3019
3935,219,17,0.5595
3936,219,17,0.8083
3937,219,17,0.8055
3938,219,17,0.1249
3939,219,17,0.7329
3940,219,17,0.2244
3941,219,17,0.7185
3942,219,17,0.7154
3943,219,17,0.2056
4288,220,43,0.6165
4289,220,43,0.9663
4290,220,43,0.5322
4291,220,43,0.8302
4292,220,43,0.0541
4293,220,43,0.1653
4474,221,132,0.7109
4475,221,132,0.5640
4476,221,132,0.9803
4477,221,132,0.3641
4478,221,132,0.9677
4479,221,132,0.9812
4480,221,132,0.9774
4481,221,132,0.9322
4482,221,132,0.9842
4483,221,132,0.9853
3443,217,93,0.8287
3444,217,93,0.9712
3445,217,93,0.8889
3446,217,93,0.9389
3447,217,93,0.3151
3448,217,93,0.8665
3449,217,93,0.9786
3450,217,93,0.9897
3451,217,93,0.9882
3944,219,17,0.7410
3945,219,17,0.1200
3946,219,17,0.5756
3947,219,17,0.6975
3948,219,17,0.0403
3949,219,17,0.2864
3950,219,17,0.6889
3951,219,17,0.1380
3952,219,17,0.5330
3953,219,17,0.2994
4294,220,43,0.8270
4295,220,43,0.9587
4296,220,43,0.1750
4297,220,43,0.9073
4298,220,43,0.5935
4299,220,43,0.7956
4300,220,43,0.3170
4301,220,43,0.9773
4302,220,43,0.9787
4303,220,43,0.4811
4484,221,23,0.3797
4485,221,23,0.6698
3452,217,43,0.3639
3954,219,17,0.4065
3955,219,17,0.7000
3956,219,17,0.8728
3957,219,17,0.8706
3958,219,17,0.9075
3959,219,17,0.8668
3960,219,17,0.9269
3961,219,17,0.1635
3962,219,17,0.8124
3963,219,17,0.5127
4304,220,43,0.9162
4305,220,43,0.9655
4306,220,43,0.7775
4307,220,43,0.9728
4308,220,43,0.9054
4309,220,43,0.9276
4310,220,43,0.9846
4311,220,43,0.9074
4312,220,43,0.3640
4313,220,43,0.3686
4486,221,23,0.9404
4487,221,23,0.9734
4488,221,23,0.8920
4489,221,23,0.9613
3964,219,17,0.8919
3965,219,17,0.7141
3966,219,17,0.8243
3967,219,17,0.4676
3968,219,17,0.8890
3969,219,17,0.4509
3970,219,17,0.9360
3971,219,17,0.9677
3972,219,17,0.9914
3973,219,17,0.9948
4314,220,43,0.6795
4315,220,43,0.9739
4316,220,43,0.9717
4317,220,43,0.2564
4318,220,43,0.8203
4319,220,43,0.5791
4320,220,43,0.8438
4490,221,23,0.6475
4491,221,23,0.7011
4709,222,132,0.6900
4710,222,132,0.7314
4711,222,132,0.6764
4712,222,132,0.7416
4713,222,132,0.7582
4714,222,132,0.9664
4715,222,132,0.8182
4716,222,132,0.9847
4717,222,132,0.8780
4718,222,132,0.7105
3974,219,17,0.5129
3975,219,17,0.6427
3976,219,17,0.8176
3977,219,17,0.9425
3978,219,17,0.9882
3979,219,17,0.9688
3980,219,17,0.9930
3981,219,17,0.9947
3982,219,17,0.9956
3983,219,17,0.9954
4321,220,43,0.9657
4322,220,43,0.5698
4323,220,43,0.9842
4492,221,23,0.5600
4493,221,23,0.5867
4494,221,23,0.3308
4495,221,23,0.6762
4719,222,132,0.9588
4720,222,132,0.2864
4721,222,132,0.8016
4722,222,132,0.8822
4723,222,132,0.6534
4724,222,132,0.7764
4725,222,132,0.9297
4726,222,132,0.0893
4727,222,132,0.8190
4728,222,132,0.0267
3984,219,17,0.0488
3985,219,17,0.5822
3986,219,17,0.0516
3987,219,17,0.7612
3988,219,17,0.1765
3989,219,17,0.6404
3990,219,17,0.2271
3991,219,17,0.5138
3992,219,17,0.3124
3993,219,17,0.5702
4324,220,43,0.6981
4325,220,43,0.8525
4326,220,43,0.5087
4327,220,43,0.8078
4496,221,23,0.8360
4497,221,23,0.8771
4498,221,23,0.7600
4729,222,132,0.9384
4730,222,132,0.9753
4731,222,132,0.9260
4732,222,132,0.0545
4733,222,132,0.8933
4734,222,132,0.8790
4735,222,132,0.4627
4736,222,132,0.9852
4737,222,132,0.9273
4738,222,132,0.1904
3994,219,17,0.7161
3995,219,17,0.5282
3996,219,17,0.6808
3997,219,17,0.3909
3998,219,17,0.5944
3999,219,17,0.7682
4000,219,17,0.8840
4001,219,17,0.9730
4002,219,17,0.6719
4003,219,17,0.9689
4328,220,43,0.8746
4329,220,43,0.9798
4330,220,43,0.9826
4331,220,43,0.9739
4332,220,43,0.9576
4333,220,43,0.4733
4334,220,43,0.9831
4335,220,43,0.9651
4336,220,43,0.9805
4499,221,23,0.8943
4500,221,23,0.6791
4501,221,23,0.1753
4502,221,23,0.4555
4503,221,23,0.9401
4504,221,23,0.4104
4505,221,23,0.7399
4506,221,23,0.9778
4507,221,23,0.4415
4739,222,132,0.1267
4740,222,132,0.1749
4741,222,132,0.4157
4742,222,132,0.9793
4743,222,132,0.9923
4744,222,132,0.9947
4745,222,132,0.9850
4746,222,132,0.9953
4747,222,132,0.9961
4748,222,132,0.9955
4004,219,93,0.2938
4005,219,93,0.1805
4006,219,93,0.4327
4007,219,93,0.3628
4008,219,93,0.5931
4009,219,93,0.5617
4010,219,93,0.9462
4011,219,93,0.0172
4012,219,93,0.6085
4013,219,93,0.5248
4337,220,17,0.8741
4338,220,17,0.9171
4339,220,17,0.3783
4340,220,17,0.8312
4341,220,17,0.8926
4342,220,17,0.2111
4343,220,17,0.4753
4344,220,17,0.7935
4345,220,17,0.9919
4346,220,17,0.9954
4508,221,23,0.8931
4509,221,23,0.9691
4510,221,23,0.6319
4511,221,23,0.9663
4512,221,23,0.1754
4513,221,23,0.4966
4749,222,132,0.1133
4750,222,132,0.9039
4751,222,132,0.1415
4752,222,132,0.9730
4753,222,132,0.9858
4754,222,132,0.9928
4755,222,132,0.9959
4756,222,132,0.9972
4757,222,132,0.9966
4758,222,132,0.9967
4014,219,93,0.6904
4015,219,93,0.9288
4016,219,93,0.9655
4017,219,93,0.7688
4018,219,93,0.8591
4019,219,93,0.7474
4020,219,93,0.6378
4021,219,93,0.8377
4022,219,93,0.9807
4023,219,93,0.1303
4347,220,17,0.3525
4348,220,17,0.6114
4514,221,23,0.9634
4515,221,23,0.8073
4516,221,23,0.5843
4517,221,23,0.9647
4518,221,23,0.3642
4519,221,23,0.4006
4520,221,23,0.9048
4521,221,23,0.9436
4522,221,23,0.8220
4523,221,23,0.9093
4759,222,132,0.7163
4760,222,132,0.9177
4761,222,132,0.9701
4762,222,132,0.9626
4763,222,132,0.9824
4764,222,132,0.9759
4765,222,132,0.9758
4766,222,132,0.8646
4767,222,132,0.9849
4768,222,132,0.9883
4024,219,93,0.2799
4025,219,93,0.7507
4026,219,93,0.2141
4027,219,93,0.2659
4028,219,93,0.6262
4029,219,93,0.2169
4030,219,93,0.6463
4031,219,93,0.7260
4032,219,93,0.9169
4033,219,93,0.3742
4349,220,17,0.6022
4350,220,17,0.7744
4351,220,17,0.9730
4352,220,17,0.4942
4353,220,17,0.8831
4354,220,17,0.9513
4355,220,17,0.4675
4524,221,23,0.7549
4525,221,23,0.4199
4526,221,23,0.9066
4527,221,23,0.4242
4528,221,23,0.3029
4769,222,23,0.9046
4770,222,23,0.6126
4771,222,23,0.9781
4772,222,23,0.8486
4773,222,23,0.9831
4774,222,23,0.9581
4775,222,23,0.7781
4776,222,23,0.7006
4777,222,23,0.9758
4778,222,23,0.3898
4034,219,93,0.7955
4035,219,93,0.3082
4036,219,93,0.0468
4037,219,93,0.2316
4356,220,17,0.8673
4357,220,17,0.7573
4358,220,17,0.5472
4359,220,17,0.0820
4529,221,23,0.6934
4530,221,23,0.9292
4531,221,23,0.8460
4532,221,23,0.9064
4533,221,23,0.0432
4534,221,23,0.8848
4535,221,23,0.5075
4536,221,23,0.5013
4537,221,23,0.1675
4779,222,23,0.7188
4780,222,23,0.3590
4781,222,23,0.5758
4782,222,23,0.7063
4783,222,23,0.5036
4784,222,23,0.7618
4785,222,23,0.9466
4786,222,23,0.9737
4787,222,23,0.8919
4788,222,23,0.9258
4038,219,93,0.7008
4039,219,93,0.7284
4040,219,93,0.1526
4041,219,93,0.5593
4360,220,17,0.9541
4361,220,17,0.8245
4362,220,17,0.5829
4363,220,17,0.3121
4538,221,23,0.8406
4539,221,23,0.9828
4540,221,23,0.2930
4541,221,23,0.4311
4789,222,23,0.8417
4790,222,23,0.4064
4791,222,23,0.2996
4792,222,23,0.7277
4793,222,23,0.2611
4794,222,23,0.7904
4795,222,23,0.9806
4796,222,23,0.7570
4797,222,23,0.9609
4798,222,23,0.3344
4042,219,93,0.8503
4043,219,93,0.9283
4044,219,93,0.7807
4045,219,93,0.4888
4364,220,17,0.6448
4365,220,17,0.8683
4366,220,17,0.6447
4367,220,17,0.9417
4368,220,17,0.9703
4369,220,17,0.9841
4370,220,17,0.8394
4371,220,17,0.9718
4372,220,17,0.0340
4542,221,23,0.6381
4543,221,23,0.9630
4544,221,23,0.9545
4545,221,23,0.8034
4546,221,23,0.8136
4547,221,23,0.4601
4799,222,23,0.8914
4800,222,23,0.0531
4801,222,23,0.9862
4802,222,23,0.6502
4803,222,23,0.7622
4804,222,23,0.6179
4805,222,23,0.8776
4806,222,23,0.5968
4807,222,23,0.9716
4808,222,23,0.9921
4046,219,93,0.6017
4047,219,93,0.0508
4048,219,93,0.2557
4373,220,17,0.8838
4374,220,17,0.6692
4375,220,17,0.4334
4376,220,17,0.8906
4548,221,23,0.5599
4549,221,23,0.8164
4809,222,23,0.6795
4810,222,23,0.3622
4811,222,23,0.5085
4812,222,23,0.5268
4813,222,23,0.7855
4814,222,23,0.9540
4815,222,23,0.9786
4816,222,23,0.4495
4817,222,23,0.4730
4818,222,23,0.6863
4049,219,93,0.9396
4050,219,93,0.3925
4051,219,93,0.5951
4052,219,93,0.6515
4377,220,17,0.8947
4378,220,17,0.9851
4379,220,17,0.9802
4380,220,17,0.8140
4381,220,17,0.7918
4382,220,17,0.2742
4383,220,17,0.9460
4384,220,17,0.7540
4385,220,17,0.2587
4386,220,17,0.7993
4550,221,23,0.9056
4551,221,23,0.9205
4552,221,23,0.6124
4553,221,23,0.6626
4554,221,23,0.7155
4819,222,23,0.4921
4820,222,23,0.8175
4821,222,23,0.9698
4822,222,23,0.9786
4823,222,23,0.8333
4824,222,23,0.7068
4825,222,23,0.2124
4826,222,23,0.6187
4827,222,23,0.9173
4828,222,23,0.9928
4053,219,93,0.7618
4054,219,93,0.1661
4055,219,93,0.5851
4056,219,93,0.7405
4387,220,17,0.9492
4388,220,17,0.8520
4389,220,17,0.7798
4390,220,17,0.9035
4391,220,17,0.0935
4392,220,17,0.7657
4555,221,23,0.5202
4556,221,23,0.4537
4829,222,23,0.4792
4830,222,23,0.9389
4831,222,23,0.9698
4832,222,23,0.7763
4833,222,23,0.7237
4834,222,23,0.8968
4835,222,23,0.8367
4836,222,23,0.9467
4837,222,23,0.9791
4838,222,23,0.9938
4057,219,93,0.2612
4058,219,93,0.0743
4059,219,93,0.8268
4060,219,93,0.6960
4393,220,17,0.5002
4394,220,17,0.8978
4395,220,17,0.8351
4396,220,17,0.9484
4397,220,17,0.8710
4398,220,17,0.5285
4399,220,17,0.9572
4400,220,17,0.9729
4401,220,17,0.7210
4402,220,17,0.9791
4557,221,23,0.9397
4558,221,23,0.5906
4559,221,23,0.8046
4560,221,23,0.9796
4561,221,23,0.9852
4562,221,23,0.5522
4563,221,23,0.5885
4564,221,23,0.6523
4839,222,23,0.8566
4840,222,23,0.7909
4841,222,23,0.9658
4842,222,23,0.9673
4843,222,23,0.7509
4844,222,23,0.8331
4845,222,23,0.8864
4846,222,23,0.9096
4847,222,23,0.4170
4848,222,23,0.8220
4061,219,93,0.6103
4062,219,93,0.2642
4063,219,93,0.0753
4064,219,93,0.4824
4403,220,93,0.9614
4404,220,93,0.9839
4405,220,93,0.9664
4406,220,93,0.9451
4407,220,93,0.4914
4408,220,93,0.9668
4409,220,93,0.5560
4410,220,93,0.9673
4411,220,93,0.6459
4565,221,23,0.4960
4566,221,23,0.9584
4567,221,23,0.9836
4568,221,23,0.6132
4569,221,23,0.9610
4570,221,23,0.9807
4571,221,23,0.9664
4572,221,23,0.1226
4573,221,23,0.4739
4849,222,23,0.7942
4850,222,23,0.4460
4851,222,23,0.9332
4852,222,23,0.9568
4853,222,23,0.9698
4854,222,23,0.9949
4855,222,23,0.9958
4856,222,23,0.9957
4857,222,23,0.9957
4858,222,23,0.9955
4065,219,93,0.3039
4066,219,93,0.2866
4067,219,93,0.1527
4574,221,23,0.9360
4575,221,23,0.3644
4576,221,23,0.8640
4577,221,23,0.9177
4578,221,23,0.9794
4579,221,23,0.9774
4580,221,23,0.9719
4581,221,23,0.9766
4582,221,23,0.9828
4859,222,23,0.7523
4860,222,23,0.9266
4861,222,23,0.9677
4862,222,23,0.3534
4863,222,23,0.4041
4864,222,23,0.4218
4865,222,23,0.9068
4866,222,23,0.4253
4867,222,23,0.4616
4868,222,23,0.3778
5378,223,132,0.9230
5379,223,132,0.3176
5380,223,132,0.7674
5381,223,132,0.9798
5382,223,132,0.6250
5383,223,132,0.9736
5384,223,132,0.9807
5385,223,132,0.3982
5386,223,132,0.4230
5387,223,132,0.9431
4068,219,93,0.0385
4069,219,93,0.7778
4070,219,93,0.9470
4583,221,107,0.9089
4584,221,107,0.9714
4585,221,107,0.5663
4586,221,107,0.9213
4587,221,107,0.7464
4588,221,107,0.0921
4869,222,23,0.7592
4870,222,23,0.8106
4871,222,23,0.9654
4872,222,23,0.5030
4873,222,23,0.3421
4874,222,23,0.6819
4875,222,23,0.7370
4876,222,23,0.9789
4877,222,23,0.9896
4878,222,23,0.9957
5388,223,132,0.9507
5389,223,132,0.8364
5390,223,132,0.9295
5391,223,132,0.2514
5392,223,132,0.9549
5393,223,132,0.9832
5394,223,132,0.9767
5395,223,132,0.9845
5396,223,132,0.8566
5397,223,132,0.9847
4071,219,93,0.8614
4072,219,93,0.4506
4073,219,93,0.0368
4589,221,107,0.9596
4590,221,107,0.9340
4591,221,107,0.5525
4592,221,107,0.8403
4593,221,107,0.8202
4594,221,107,0.2260
4879,222,23,0.9296
4880,222,23,0.9847
4881,222,23,0.9844
4882,222,23,0.8887
4883,222,23,0.9117
4884,222,23,0.6938
4885,222,23,0.8225
4886,222,23,0.6417
4887,222,23,0.2958
4888,222,23,0.9610
5398,223,23,0.6442
5399,223,23,0.7917
4074,219,93,0.9445
4075,219,93,0.2214
4076,219,93,0.0619
4595,221,107,0.5567
4596,221,107,0.9787
4597,221,107,0.9683
4598,221,107,0.9832
4599,221,107,0.7381
4600,221,107,0.2808
4601,221,107,0.9854
4602,221,107,0.9803
4603,221,107,0.9806
4889,222,23,0.6119
4890,222,23,0.2167
4891,222,23,0.6366
4892,222,23,0.9777
4893,222,23,0.9923
4894,222,23,0.9946
4895,222,23,0.9934
4896,222,23,0.9953
4897,222,23,0.9957
4898,222,23,0.9945
5400,223,23,0.7048
5401,223,23,0.8105
5402,223,23,0.0301
4077,219,93,0.8985
4078,219,93,0.6457
4079,219,93,0.3117
4604,221,43,0.8997
4605,221,43,0.8781
4606,221,43,0.8161
4607,221,43,0.8800
4608,221,43,0.8750
4609,221,43,0.9697
4610,221,43,0.7924
4611,221,43,0.3530
4899,222,23,0.8293
4900,222,23,0.3079
4901,222,23,0.7324
4902,222,23,0.7522
4903,222,23,0.8990
4904,222,23,0.9688
4905,222,23,0.0722
4906,222,23,0.9590
4907,222,23,0.2298
4908,222,23,0.2210
5403,223,23,0.7349
5404,223,23,0.5134
5405,223,23,0.6426
5406,223,23,0.4563
5407,223,23,0.6107
5408,223,23,0.3506
4080,219,93,0.4526
4081,219,93,0.2411
4082,219,93,0.4790
4612,221,43,0.9479
4613,221,43,0.7951
4614,221,43,0.9778
4615,221,43,0.9810
4616,221,43,0.8545
4617,221,43,0.2692
4618,221,43,0.2295
4619,221,43,0.6724
4620,221,43,0.9498
4909,222,23,0.9470
4910,222,23,0.4263
4911,222,23,0.5007
4912,222,23,0.9712
4913,222,23,0.9859
4914,222,23,0.9867
4915,222,23,0.9856
4916,222,23,0.0308
4917,222,23,0.3739
4918,222,23,0.7468
5409,223,23,0.9522
5410,223,23,0.9707
5411,223,23,0.1180
5412,223,23,0.1528
4083,219,93,0.9121
4084,219,93,0.9757
4085,219,93,0.9771
4086,219,93,0.9893
4087,219,93,0.9560
4088,219,93,0.2649
4089,219,93,0.8903
4090,219,93,0.2777
4091,219,93,0.6352
4092,219,93,0.9768
4621,221,43,0.8918
4622,221,43,0.9751
4623,221,43,0.9757
4624,221,43,0.9710
4625,221,43,0.9793
4626,221,43,0.9702
4627,221,43,0.9573
4628,221,43,0.7191
4629,221,43,0.8099
4630,221,43,0.3733
4919,222,23,0.7344
4920,222,23,0.7172
4921,222,23,0.5001
4922,222,23,0.8546
4923,222,23,0.9833
4924,222,23,0.9939
4925,222,23,0.9946
4926,222,23,0.9948
4927,222,23,0.9958
4928,222,23,0.9942
5413,223,23,0.9529
5414,223,23,0.8368
4093,219,93,0.9513
4094,219,93,0.9663
4095,219,93,0.0615
4096,219,93,0.5106
4097,219,93,0.9851
4098,219,93,0.9606
4099,219,93,0.9820
4100,219,93,0.9757
4101,219,93,0.9811
4102,219,93,0.9911
4631,221,17,0.9637
4632,221,17,0.4623
4633,221,17,0.7144
4634,221,17,0.9547
4635,221,17,0.8073
4636,221,17,0.9735
4637,221,17,0.9617
4638,221,17,0.4718
4929,222,23,0.7873
4930,222,23,0.7122
4931,222,23,0.3297
4932,222,23,0.6671
4933,222,23,0.8521
4934,222,23,0.2802
4935,222,23,0.9155
4936,222,23,0.7219
4937,222,23,0.9176
4938,222,23,0.8651
5415,223,23,0.3425
5416,223,23,0.5784
5417,223,23,0.9783
5418,223,23,0.4960
5419,223,23,0.1886
5420,223,23,0.9281
4639,221,17,0.8901
4640,221,17,0.8613
4641,221,17,0.4991
4642,221,17,0.9608
4643,221,17,0.4165
4644,221,17,0.0927
4939,222,23,0.8868
4940,222,23,0.2437
4941,222,23,0.7798
4942,222,23,0.8466
4943,222,23,0.9755
4944,222,23,0.9806
4945,222,23,0.8580
4946,222,23,0.8152
4947,222,23,0.3781
4948,222,23,0.7247
5421,223,23,0.3745
5422,223,23,0.5951
6031,224,132,0.7163
6032,224,132,0.0716
6033,224,132,0.1102
6034,224,132,0.7799
6035,224,132,0.9266
6036,224,132,0.9723
6037,224,132,0.1668
6038,224,132,0.8717
6039,224,132,0.9630
6040,224,132,0.9862
4645,221,17,0.4058
4646,221,17,0.5485
4949,222,107,0.2846
4950,222,107,0.9335
4951,222,107,0.9786
4952,222,107,0.3063
4953,222,107,0.9710
4954,222,107,0.9337
4955,222,107,0.9703
4956,222,107,0.9820
4957,222,107,0.8091
4958,222,107,0.9848
5423,223,23,0.8658
5424,223,23,0.9839
5425,223,23,0.7489
6041,224,132,0.9377
6042,224,132,0.8750
6043,224,132,0.1885
6044,224,132,0.2773
6045,224,132,0.1994
6046,224,132,0.2874
4647,221,17,0.3443
4648,221,17,0.4475
4959,222,43,0.9348
4960,222,43,0.9749
4961,222,43,0.9099
4962,222,43,0.3958
4963,222,43,0.5904
4964,222,43,0.7529
4965,222,43,0.2160
4966,222,43,0.7578
4967,222,43,0.7453
4968,222,43,0.7854
5426,223,23,0.6978
5427,223,23,0.9823
5428,223,23,0.9857
5429,223,23,0.6692
5430,223,23,0.6132
5431,223,23,0.8810
5432,223,23,0.9621
5433,223,23,0.4391
5434,223,23,0.7482
5435,223,23,0.8680
6047,224,132,0.9654
6048,224,132,0.9554
6049,224,132,0.3513
6050,224,132,0.6095
6051,224,132,0.8342
6052,224,132,0.9785
6053,224,132,0.9406
6054,224,132,0.9744
6055,224,132,0.9813
6056,224,132,0.9849
4649,221,17,0.4639
4650,221,17,0.9642
4651,221,17,0.8224
4969,222,43,0.9578
4970,222,43,0.9773
4971,222,43,0.9714
4972,222,43,0.8310
4973,222,43,0.9838
4974,222,43,0.4576
4975,222,43,0.9501
4976,222,43,0.5791
4977,222,43,0.3517
4978,222,43,0.5763
5436,223,23,0.6069
5437,223,23,0.6375
5438,223,23,0.4854
5439,223,23,0.7719
5440,223,23,0.9641
5441,223,23,0.9887
5442,223,23,0.9915
5443,223,23,0.9959
5444,223,23,0.9975
5445,223,23,0.9974
6057,224,132,0.9886
6058,224,132,0.9703
6059,224,132,0.9653
6060,224,132,0.9803
6061,224,132,0.9882
6062,224,132,0.9860
6063,224,132,0.9701
6064,224,132,0.9227
6065,224,132,0.9642
6066,224,132,0.9809
4652,221,17,0.2368
4653,221,17,0.8369
4654,221,17,0.8113
4655,221,17,0.9269
4656,221,17,0.9751
4657,221,17,0.3754
4658,221,17,0.9742
4659,221,17,0.7321
4660,221,17,0.0747
4979,222,43,0.9615
4980,222,43,0.4642
4981,222,43,0.7538
4982,222,43,0.2314
4983,222,43,0.7356
4984,222,43,0.5394
4985,222,43,0.6009
4986,222,43,0.3080
4987,222,43,0.9210
4988,222,43,0.9899
5446,223,23,0.8421
5447,223,23,0.7166
5448,223,23,0.4954
5449,223,23,0.8343
5450,223,23,0.8784
5451,223,23,0.8637
5452,223,23,0.9318
5453,223,23,0.9027
5454,223,23,0.9242
5455,223,23,0.9019
6067,224,132,0.9594
6068,224,132,0.2442
6069,224,132,0.4022
4661,221,17,0.9616
4662,221,17,0.4564
4663,221,17,0.6224
4664,221,17,0.9596
4665,221,17,0.9726
4666,221,17,0.0737
4667,221,17,0.8687
4668,221,17,0.5104
4989,222,43,0.4346
4990,222,43,0.3808
4991,222,43,0.7502
4992,222,43,0.8668
4993,222,43,0.2564
4994,222,43,0.5862
4995,222,43,0.3946
4996,222,43,0.4208
4997,222,43,0.5066
4998,222,43,0.9203
5456,223,23,0.3412
5457,223,23,0.8087
5458,223,23,0.7148
5459,223,23,0.9593
5460,223,23,0.9858
5461,223,23,0.9916
5462,223,23,0.9943
5463,223,23,0.9949
5464,223,23,0.9970
5465,223,23,0.9970
6070,224,132,0.7137
6071,224,132,0.9001
4669,221,17,0.7191
4670,221,17,0.6119
4671,221,17,0.6262
4999,222,43,0.1025
5000,222,43,0.7145
5001,222,43,0.8122
5002,222,43,0.9722
5003,222,43,0.9881
5004,222,43,0.9921
5005,222,43,0.9971
5006,222,43,0.9972
5007,222,43,0.9968
5008,222,43,0.9974
5466,223,23,0.4637
5467,223,23,0.7438
5468,223,23,0.6224
5469,223,23,0.9578
5470,223,23,0.0173
5471,223,23,0.6202
5472,223,23,0.6170
5473,223,23,0.7789
5474,223,23,0.8504
5475,223,23,0.8853
6072,224,132,0.3539
6073,224,132,0.8418
4672,221,17,0.1848
4673,221,17,0.5921
4674,221,17,0.9535
4675,221,17,0.9246
4676,221,17,0.4100
5009,222,43,0.9744
5010,222,43,0.9364
5011,222,43,0.1503
5012,222,43,0.8519
5013,222,43,0.8397
5014,222,43,0.8227
5015,222,43,0.8605
5016,222,43,0.4631
5017,222,43,0.0308
5018,222,43,0.1295
5476,223,23,0.5574
5477,223,23,0.5332
5478,223,23,0.5167
5479,223,23,0.9512
5480,223,23,0.9807
5481,223,23,0.9863
5482,223,23,0.9931
5483,223,23,0.9940
5484,223,23,0.9955
5485,223,23,0.9970
6074,224,132,0.9445
6075,224,132,0.9597
6076,224,132,0.5354
6077,224,132,0.4252
6078,224,132,0.6321
6079,224,132,0.9515
6080,224,132,0.9844
6081,224,132,0.9951
6082,224,132,0.9956
6083,224,132,0.9956
4677,221,17,0.7386
4678,221,17,0.9625
4679,221,17,0.9486
4680,221,17,0.2754
4681,221,17,0.1997
4682,221,17,0.3293
5019,222,43,0.7235
5020,222,43,0.9086
5021,222,43,0.9809
5022,222,43,0.8362
5023,222,43,0.2771
5024,222,43,0.4536
5025,222,43,0.5634
5026,222,43,0.8382
5027,222,43,0.3283
5028,222,43,0.9494
5486,223,23,0.6427
5487,223,23,0.8710
5488,223,23,0.1820
5489,223,23,0.9609
6084,224,132,0.1483
6085,224,132,0.5618
4683,221,17,0.9222
4684,221,17,0.9807
4685,221,17,0.9778
4686,221,17,0.6200
4687,221,17,0.6422
4688,221,17,0.1345
4689,221,17,0.5652
5029,222,43,0.8527
5030,222,43,0.9738
5031,222,43,0.9652
5032,222,43,0.4037
5033,222,43,0.8539
5034,222,43,0.9672
5035,222,43,0.4351
5036,222,43,0.9466
5037,222,43,0.2846
5038,222,43,0.9518
5490,223,23,0.8928
5491,223,23,0.9824
5492,223,23,0.2862
6086,224,132,0.7448
6087,224,132,0.7789
6088,224,132,0.9676
6089,224,132,0.9518
6090,224,132,0.9594
6091,224,132,0.9780
6092,224,132,0.2524
6093,224,132,0.8997
6094,224,132,0.8697
6095,224,132,0.9865
4690,221,17,0.9396
4691,221,17,0.8827
4692,221,17,0.7353
4693,221,17,0.8026
4694,221,17,0.8533
4695,221,17,0.5736
4696,221,17,0.8082
4697,221,17,0.9774
4698,221,17,0.7831
4699,221,17,0.8677
5039,222,43,0.9200
5040,222,43,0.8174
5041,222,43,0.1225
5042,222,43,0.3252
5043,222,43,0.2192
5044,222,43,0.9436
5045,222,43,0.9724
5046,222,43,0.9926
5047,222,43,0.9952
5048,222,43,0.9957
5493,223,23,0.4157
5494,223,23,0.6950
6096,224,132,0.8984
6097,224,132,0.9164
6098,224,132,0.9799
6099,224,132,0.9819
6100,224,132,0.9846
6101,224,132,0.9910
6102,224,132,0.4332
6103,224,132,0.9674
4700,221,93,0.7138
4701,221,93,0.5580
4702,221,93,0.9627
4703,221,93,0.9787
4704,221,93,0.9794
4705,221,93,0.9887
4706,221,93,0.9790
4707,221,93,0.9777
4708,221,93,0.3462
5049,222,43,0.9808
5050,222,43,0.9521
5051,222,43,0.8944
5052,222,43,0.9825
5053,222,43,0.9117
5054,222,43,0.5772
5055,222,43,0.9571
5056,222,43,0.8443
5057,222,43,0.9551
5058,222,43,0.1640
5495,223,23,0.1424
5496,223,23,0.7787
6104,224,132,0.9643
6105,224,132,0.3953
6106,224,132,0.5478
6107,224,132,0.9660
5059,222,43,0.7781
5060,222,43,0.8172
5061,222,43,0.7117
5062,222,43,0.6719
5063,222,43,0.5930
5064,222,43,0.1855
5065,222,43,0.6808
5066,222,43,0.9773
5067,222,43,0.9926
5068,222,43,0.9938
5497,223,23,0.4340
5498,223,23,0.6555
6108,224,132,0.5071
6109,224,132,0.8883
6110,224,132,0.6664
6111,224,132,0.5562
6112,224,132,0.9703
6113,224,132,0.6435
6114,224,132,0.0450
6115,224,132,0.9168
6116,224,132,0.9608
6117,224,132,0.9781
6337,225,132,0.7149
6338,225,132,0.8908
6339,225,132,0.9604
6340,225,132,0.9313
6341,225,132,0.9557
6342,225,132,0.9876
6343,225,132,0.9761
6344,225,132,0.9559
6345,225,132,0.7554
6346,225,132,0.9726
5069,222,43,0.8882
5070,222,43,0.9345
5071,222,43,0.9226
5072,222,43,0.6196
5073,222,43,0.9855
5074,222,43,0.8445
5075,222,43,0.4733
5076,222,43,0.5897
5077,222,43,0.7717
5078,222,43,0.6793
5499,223,23,0.4476
5500,223,23,0.5575
5501,223,23,0.5418
5502,223,23,0.9673
5503,223,23,0.0390
5504,223,23,0.8730
5505,223,23,0.3493
5506,223,23,0.9751
5507,223,23,0.9515
5508,223,23,0.5050
6118,224,132,0.9848
6119,224,132,0.5180
6120,224,132,0.8742
6121,224,132,0.9789
6122,224,132,0.9873
6123,224,132,0.5798
6124,224,132,0.2899
6125,224,132,0.3781
6126,224,132,0.9759
6127,224,132,0.9845
6347,225,132,0.9587
6348,225,132,0.7944
6349,225,132,0.9705
6350,225,132,0.8033
6351,225,132,0.9825
6352,225,132,0.9863
6353,225,132,0.9829
6354,225,132,0.9111
6355,225,132,0.9703
6356,225,132,0.9708
5079,222,43,0.5772
5080,222,43,0.3004
5081,222,43,0.9604
5082,222,43,0.6072
5083,222,43,0.9526
5084,222,43,0.7591
5085,222,43,0.9802
5086,222,43,0.9934
5087,222,43,0.9930
5088,222,43,0.9960
5509,223,23,0.9643
5510,223,23,0.1143
5511,223,23,0.7563
5512,223,23,0.2448
6128,224,132,0.0295
6129,224,132,0.2660
6130,224,132,0.7951
6131,224,132,0.8950
6132,224,132,0.9591
6133,224,132,0.9864
6134,224,132,0.9925
6135,224,132,0.9938
6136,224,132,0.9929
6137,224,132,0.9940
6357,225,23,0.6763
6358,225,23,0.9700
6359,225,23,0.7829
6360,225,23,0.8052
6361,225,23,0.7694
6362,225,23,0.6464
6363,225,23,0.4740
6364,225,23,0.9713
6365,225,23,0.6714
6366,225,23,0.9231
5089,222,43,0.8812
5090,222,43,0.1775
5091,222,43,0.5804
5092,222,43,0.8701
5093,222,43,0.9424
5094,222,43,0.9427
5095,222,43,0.9619
5096,222,43,0.1118
5097,222,43,0.8397
5098,222,43,0.9368
5513,223,23,0.7076
5514,223,23,0.0579
5515,223,23,0.5143
6138,224,132,0.9224
6139,224,132,0.9885
6140,224,132,0.9734
6141,224,132,0.9815
6142,224,132,0.9856
6143,224,132,0.9785
6144,224,132,0.0141
6145,224,132,0.9366
6146,224,132,0.9713
6147,224,132,0.5187
6367,225,23,0.5175
6368,225,23,0.7941
5099,222,43,0.5193
5100,222,43,0.0568
5101,222,43,0.5437
5102,222,43,0.3878
5103,222,43,0.8110
5104,222,43,0.7835
5105,222,43,0.8704
5106,222,43,0.9057
5107,222,43,0.8171
5108,222,43,0.8995
5516,223,23,0.9026
5517,223,23,0.9856
5518,223,23,0.9038
5519,223,23,0.5657
5520,223,23,0.7132
5521,223,23,0.0959
5522,223,23,0.7596
5523,223,23,0.2025
5524,223,23,0.8845
5525,223,23,0.8721
6148,224,132,0.9089
6149,224,132,0.9745
6150,224,132,0.9296
6151,224,132,0.9774
6152,224,132,0.9571
6153,224,132,0.9410
6154,224,132,0.4299
6155,224,132,0.4741
6156,224,132,0.8092
6157,224,132,0.8922
6369,225,23,0.7123
6370,225,23,0.4297
6371,225,23,0.5180
5109,222,43,0.8698
5110,222,43,0.9349
5111,222,43,0.9649
5112,222,43,0.5671
5113,222,43,0.9736
5114,222,43,0.9824
5115,222,43,0.9827
5116,222,43,0.8976
5117,222,43,0.9673
5526,223,23,0.7554
5527,223,23,0.8605
5528,223,23,0.9714
5529,223,23,0.7035
5530,223,23,0.7546
5531,223,23,0.8987
5532,223,23,0.4222
5533,223,23,0.6346
5534,223,23,0.9809
5535,223,23,0.9782
6158,224,23,0.8906
6159,224,23,0.4187
6160,224,23,0.9297
6161,224,23,0.4218
6162,224,23,0.5104
6163,224,23,0.8825
6164,224,23,0.9808
6165,224,23,0.9796
6166,224,23,0.8822
6167,224,23,0.6470
6372,225,23,0.7127
6373,225,23,0.8745
6374,225,23,0.9735
6375,225,23,0.3137
6376,225,23,0.8573
6377,225,23,0.6263
6378,225,23,0.5764
6379,225,23,0.9687
6380,225,23,0.0210
6381,225,23,0.4620
5118,222,17,0.9462
5119,222,17,0.9797
5120,222,17,0.9875
5121,222,17,0.8610
5122,222,17,0.8561
5123,222,17,0.9823
5124,222,17,0.9786
5125,222,17,0.8551
5126,222,17,0.9359
5127,222,17,0.9149
5536,223,23,0.8922
5537,223,23,0.8319
6168,224,23,0.9480
6169,224,23,0.8649
6170,224,23,0.9110
6171,224,23,0.0207
6172,224,23,0.8509
6173,224,23,0.7834
6174,224,23,0.5393
6175,224,23,0.7985
6176,224,23,0.9605
6177,224,23,0.7385
6382,225,23,0.3701
6383,225,23,0.5233
6384,225,23,0.3111
5128,222,17,0.7937
5129,222,17,0.5988
5130,222,17,0.2191
5131,222,17,0.2026
5132,222,17,0.3869
5133,222,17,0.8486
5134,222,17,0.8735
5135,222,17,0.8329
5136,222,17,0.9373
5137,222,17,0.8335
5538,223,23,0.5386
5539,223,23,0.6849
6178,224,23,0.9115
6179,224,23,0.8338
6180,224,23,0.8050
6181,224,23,0.5989
6182,224,23,0.7254
6183,224,23,0.1203
6385,225,23,0.9196
6386,225,23,0.7750
6387,225,23,0.7715
5138,222,17,0.9487
5139,222,17,0.5137
5140,222,17,0.9739
5141,222,17,0.9934
5142,222,17,0.9940
5143,222,17,0.9949
5144,222,17,0.9946
5145,222,17,0.9949
5146,222,17,0.9954
5147,222,17,0.9954
5540,223,23,0.6695
5541,223,23,0.4738
6184,224,23,0.9529
6185,224,23,0.9709
6186,224,23,0.4233
6187,224,23,0.9837
6188,224,23,0.9810
6189,224,23,0.9059
6190,224,23,0.7834
6191,224,23,0.9152
6192,224,23,0.9804
6193,224,23,0.2363
6388,225,23,0.9552
6389,225,23,0.3475
6390,225,23,0.6966
6391,225,23,0.1609
6392,225,23,0.5277
6393,225,23,0.9632
6394,225,23,0.6573
6395,225,23,0.3302
6396,225,23,0.8501
5148,222,17,0.5515
5149,222,17,0.2569
5150,222,17,0.6703
5151,222,17,0.6807
5152,222,17,0.6973
5153,222,17,0.9171
5154,222,17,0.8741
5155,222,17,0.9281
5156,222,17,0.8842
5157,222,17,0.9492
5542,223,23,0.9037
5543,223,23,0.9780
5544,223,23,0.9728
5545,223,23,0.9848
5546,223,23,0.2899
5547,223,23,0.3536
6194,224,107,0.9708
6195,224,107,0.9546
6196,224,107,0.9684
6197,224,107,0.9335
6198,224,107,0.9878
6199,224,107,0.9720
6200,224,107,0.9844
6201,224,107,0.9251
6202,224,107,0.9770
6397,225,107,0.9592
6398,225,107,0.9819
6399,225,107,0.1029
6400,225,107,0.9478
6401,225,107,0.7700
5158,222,17,0.1488
5159,222,17,0.7682
5160,222,17,0.7791
5161,222,17,0.2204
5162,222,17,0.5006
5163,222,17,0.6840
5164,222,17,0.7804
5165,222,17,0.8956
5166,222,17,0.1929
5167,222,17,0.5041
5548,223,23,0.2540
5549,223,23,0.4275
5550,223,23,0.6175
5551,223,23,0.6383
5552,223,23,0.0374
5553,223,23,0.3500
5554,223,23,0.1734
5555,223,23,0.9017
5556,223,23,0.2602
5557,223,23,0.8664
6203,224,43,0.9291
6204,224,43,0.9847
6205,224,43,0.9648
6206,224,43,0.9506
6207,224,43,0.2471
6208,224,43,0.7264
6209,224,43,0.8777
6210,224,43,0.9269
6211,224,43,0.8548
6212,224,43,0.8889
6402,225,107,0.9270
6403,225,107,0.8145
6404,225,107,0.0404
6405,225,107,0.1016
5168,222,17,0.2472
5169,222,17,0.4479
5170,222,17,0.7504
5171,222,17,0.8352
5172,222,17,0.9307
5173,222,17,0.8439
5174,222,17,0.9227
5175,222,17,0.1320
5176,222,17,0.4973
5177,222,17,0.4957
5558,223,107,0.9540
5559,223,107,0.9581
5560,223,107,0.0179
5561,223,107,0.9353
5562,223,107,0.9738
5563,223,107,0.3726
5564,223,107,0.1223
6213,224,43,0.9551
6214,224,43,0.9894
6215,224,43,0.9700
6216,224,43,0.9133
6217,224,43,0.7464
6218,224,43,0.3214
6219,224,43,0.9787
6220,224,43,0.6694
6221,224,43,0.9721
6222,224,43,0.9392
6406,225,107,0.8623
6407,225,107,0.0614
6408,225,107,0.9056
5178,222,17,0.1859
5179,222,17,0.3075
5180,222,17,0.8461
5181,222,17,0.8852
5182,222,17,0.8491
5183,222,17,0.8419
5184,222,17,0.8110
5185,222,17,0.0762
5186,222,17,0.5391
5187,222,17,0.5432
5565,223,107,0.9620
5566,223,107,0.9766
5567,223,107,0.9053
5568,223,107,0.4348
5569,223,107,0.9656
5570,223,107,0.9670
5571,223,107,0.9684
5572,223,107,0.9746
5573,223,107,0.9401
5574,223,107,0.9860
6223,224,17,0.6471
6224,224,17,0.6757
6409,225,107,0.9733
6410,225,107,0.7704
6411,225,107,0.9653
6412,225,107,0.9902
6413,225,107,0.9464
6414,225,107,0.9700
6415,225,107,0.8716
6416,225,107,0.9899
6417,225,107,0.9691
6418,225,107,0.9564
5188,222,17,0.4203
5189,222,17,0.4274
5190,222,17,0.6034
5191,222,17,0.6464
5192,222,17,0.6855
5193,222,17,0.8494
5194,222,17,0.8893
5195,222,17,0.9241
5196,222,17,0.9116
5197,222,17,0.8206
5575,223,43,0.9561
5576,223,43,0.9384
5577,223,43,0.5308
5578,223,43,0.7475
5579,223,43,0.9855
5580,223,43,0.4330
5581,223,43,0.8143
5582,223,43,0.8494
5583,223,43,0.8252
5584,223,43,0.9709
6225,224,17,0.8734
6226,224,17,0.9215
6227,224,17,0.9834
6228,224,17,0.9863
6229,224,17,0.6761
6230,224,17,0.6139
6231,224,17,0.3797
6232,224,17,0.9627
6419,225,43,0.9646
6420,225,43,0.5445
6421,225,43,0.8557
6422,225,43,0.9640
6423,225,43,0.8859
6424,225,43,0.9819
6425,225,43,0.9849
6426,225,43,0.1433
6427,225,43,0.9663
6428,225,43,0.5091
5198,222,17,0.5647
5199,222,17,0.8393
5200,222,17,0.8163
5201,222,17,0.1238
5202,222,17,0.2079
5203,222,17,0.5737
5204,222,17,0.3672
5205,222,17,0.8574
5206,222,17,0.8664
5207,222,17,0.0653
5585,223,43,0.9040
5586,223,43,0.9457
5587,223,43,0.7216
5588,223,43,0.9744
5589,223,43,0.9869
5590,223,43,0.2537
5591,223,43,0.5776
5592,223,43,0.6117
5593,223,43,0.5419
5594,223,43,0.2023
6233,224,17,0.4347
6234,224,17,0.8095
6429,225,43,0.7679
6430,225,43,0.9658
6431,225,43,0.6013
6432,225,43,0.9716
6433,225,43,0.9561
6434,225,43,0.9810
6435,225,43,0.3893
6436,225,43,0.4390
6437,225,43,0.1411
6438,225,43,0.9080
5208,222,17,0.5506
5209,222,17,0.2958
5210,222,17,0.2449
5211,222,17,0.4658
5212,222,17,0.6259
5213,222,17,0.8314
5214,222,17,0.9226
5215,222,17,0.8772
5216,222,17,0.9092
5217,222,17,0.2128
5595,223,43,0.9234
5596,223,43,0.3182
5597,223,43,0.1843
5598,223,43,0.7286
5599,223,43,0.9634
5600,223,43,0.9873
5601,223,43,0.9911
5602,223,43,0.9935
5603,223,43,0.9963
6235,224,17,0.8046
6236,224,17,0.3457
6237,224,17,0.9502
6238,224,17,0.5412
6239,224,17,0.9769
6240,224,17,0.8360
6241,224,17,0.7349
6242,224,17,0.7040
6243,224,17,0.9180
6244,224,17,0.3062
6439,225,43,0.5304
6440,225,43,0.9599
6441,225,43,0.9765
6442,225,43,0.9608
6443,225,43,0.9791
6444,225,43,0.3051
6445,225,43,0.1291
6446,225,43,0.4070
6447,225,43,0.9832
6448,225,43,0.6253
5218,222,17,0.8122
5219,222,17,0.9071
5220,222,17,0.0425
5221,222,17,0.5322
5222,222,17,0.4923
5223,222,17,0.7122
5224,222,17,0.4273
5225,222,17,0.3194
5226,222,17,0.5941
5227,222,17,0.4018
5604,223,43,0.8891
5605,223,43,0.9670
5606,223,43,0.9758
5607,223,43,0.0290
5608,223,43,0.8700
5609,223,43,0.8181
5610,223,43,0.9785
5611,223,43,0.8693
5612,223,43,0.9571
5613,223,43,0.8549
6245,224,17,0.9059
6246,224,17,0.9817
6247,224,17,0.9549
6248,224,17,0.9779
6249,224,17,0.9875
6250,224,17,0.9866
6251,224,17,0.3088
6252,224,17,0.1459
6253,224,17,0.7666
6254,224,17,0.8513
6449,225,17,0.5750
6450,225,17,0.3673
6451,225,17,0.9755
6452,225,17,0.9876
6453,225,17,0.9760
6454,225,17,0.7698
6455,225,17,0.9859
6456,225,17,0.0304
5228,222,17,0.6373
5229,222,17,0.3422
5230,222,17,0.5872
5231,222,17,0.4494
5232,222,17,0.5204
5233,222,17,0.5159
5234,222,17,0.3558
5235,222,17,0.5329
5236,222,17,0.5492
5237,222,17,0.6623
5614,223,17,0.9263
5615,223,17,0.7850
5616,223,17,0.7932
5617,223,17,0.1500
5618,223,17,0.2944
5619,223,17,0.8778
5620,223,17,0.6554
5621,223,17,0.3406
5622,223,17,0.3999
5623,223,17,0.1702
6255,224,17,0.8608
6256,224,17,0.9824
6257,224,17,0.9545
6258,224,17,0.8856
6259,224,17,0.9771
6260,224,17,0.9805
6261,224,17,0.8401
6262,224,17,0.9532
6263,224,17,0.6157
6264,224,17,0.9199
6457,225,17,0.5890
6458,225,17,0.8317
6459,225,17,0.8467
6460,225,17,0.9862
6461,225,17,0.9871
6462,225,17,0.1140
6463,225,17,0.8941
5238,222,17,0.2483
5239,222,17,0.8767
5240,222,17,0.0849
5241,222,17,0.2802
5242,222,17,0.4941
5243,222,17,0.4998
5244,222,17,0.6626
5245,222,17,0.5981
5246,222,17,0.3529
5247,222,17,0.7131
5624,223,17,0.6261
5625,223,17,0.8697
6265,224,17,0.7653
6266,224,17,0.5576
6267,224,17,0.8124
6268,224,17,0.9593
6269,224,17,0.9492
6270,224,17,0.9917
6271,224,17,0.9951
6272,224,17,0.9954
6273,224,17,0.9952
6274,224,17,0.9952
6464,225,17,0.5939
6465,225,17,0.7250
5248,222,17,0.4408
5249,222,17,0.7571
5250,222,17,0.2678
5251,222,17,0.5003
5252,222,17,0.5356
5253,222,17,0.6598
5254,222,17,0.4795
5255,222,17,0.5270
5256,222,17,0.6501
5257,222,17,0.6738
5626,223,17,0.4310
5627,223,17,0.9644
5628,223,17,0.4362
6275,224,17,0.7611
6276,224,17,0.4492
6277,224,17,0.4691
6278,224,17,0.1905
6279,224,17,0.9159
6280,224,17,0.9558
6281,224,17,0.9766
6282,224,17,0.9877
6283,224,17,0.9932
6284,224,17,0.9944
6466,225,17,0.8497
6467,225,17,0.9735
6468,225,17,0.9822
6469,225,17,0.9881
6470,225,17,0.8078
6471,225,17,0.8302
6472,225,17,0.6504
6473,225,17,0.0357
6474,225,17,0.9663
6475,225,17,0.1015
5258,222,17,0.8752
5259,222,17,0.1263
5260,222,17,0.7407
5261,222,17,0.9773
5262,222,17,0.3858
5263,222,17,0.6901
5264,222,17,0.2044
5265,222,17,0.3653
5266,222,17,0.3250
5267,222,17,0.6884
5629,223,17,0.4106
5630,223,17,0.2752
5631,223,17,0.5115
6285,224,17,0.7084
6286,224,17,0.9357
6287,224,17,0.9371
6288,224,17,0.5355
6289,224,17,0.8641
6290,224,17,0.8281
6291,224,17,0.6917
6292,224,17,0.0349
6293,224,17,0.8736
6294,224,17,0.6909
6476,225,17,0.8335
6477,225,17,0.9742
6478,225,17,0.2801
6479,225,17,0.7615
6480,225,17,0.9792
6481,225,17,0.8720
6482,225,17,0.3109
6483,225,17,0.3830
5268,222,17,0.7037
5269,222,17,0.5146
5270,222,17,0.0553
5271,222,17,0.7412
5272,222,17,0.9315
5273,222,17,0.6139
5274,222,17,0.9432
5275,222,17,0.9795
5276,222,17,0.7804
5277,222,17,0.7264
5632,223,17,0.5298
5633,223,17,0.9796
5634,223,17,0.0456
5635,223,17,0.2331
5636,223,17,0.3303
6295,224,17,0.9179
6296,224,17,0.9581
6297,224,17,0.4467
6298,224,17,0.9673
6299,224,17,0.8581
6300,224,17,0.9271
6301,224,17,0.9872
6302,224,17,0.9945
6303,224,17,0.9946
6304,224,17,0.9952
6484,225,17,0.5812
6485,225,17,0.4318
5278,222,17,0.7980
5279,222,17,0.9796
5280,222,17,0.6252
5281,222,17,0.8832
5282,222,17,0.7612
5283,222,17,0.9585
5284,222,17,0.9937
5285,222,17,0.9949
5286,222,17,0.9950
5287,222,17,0.9952
5637,223,17,0.9027
5638,223,17,0.0225
5639,223,17,0.8651
5640,223,17,0.4004
6305,224,17,0.8518
6306,224,17,0.5159
6307,224,17,0.9797
6308,224,17,0.6446
6309,224,17,0.5892
6310,224,17,0.5373
6311,224,17,0.6452
6312,224,17,0.8996
6313,224,17,0.9812
6314,224,17,0.9916
6486,225,17,0.7862
6487,225,17,0.5624
6488,225,17,0.9770
6489,225,17,0.9847
6490,225,17,0.9832
6491,225,17,0.7256
6492,225,17,0.0468
6493,225,17,0.8526
5288,222,17,0.0853
5289,222,17,0.2238
5290,222,17,0.9125
5291,222,17,0.9152
5292,222,17,0.8611
5293,222,17,0.9324
5294,222,17,0.0953
5295,222,17,0.5664
5296,222,17,0.5188
5297,222,17,0.7192
5641,223,17,0.2257
5642,223,17,0.7054
5643,223,17,0.1886
6315,224,17,0.5157
6316,224,17,0.9249
6317,224,17,0.1602
6318,224,17,0.6216
6319,224,17,0.8403
6320,224,17,0.6485
6321,224,17,0.9694
6322,224,17,0.7136
6323,224,17,0.9428
6324,224,17,0.7225
6494,225,17,0.5713
6495,225,17,0.6686
6496,225,17,0.8749
6497,225,17,0.4674
6498,225,17,0.1738
6499,225,17,0.3509
6500,225,17,0.5750
6501,225,17,0.2851
6502,225,17,0.9274
6503,225,17,0.3029
5298,222,17,0.5591
5299,222,17,0.7715
5300,222,17,0.0655
5301,222,17,0.2692
5302,222,17,0.4674
5303,222,17,0.6772
5304,222,17,0.2937
5305,222,17,0.4821
5306,222,17,0.5214
5307,222,17,0.6030
5644,223,17,0.2047
5645,223,17,0.6687
5646,223,17,0.1689
6325,224,93,0.7835
6326,224,93,0.7886
6327,224,93,0.6417
6328,224,93,0.9759
6329,224,93,0.9716
6330,224,93,0.9919
6331,224,93,0.9897
6332,224,93,0.9756
6333,224,93,0.9710
6334,224,93,0.5815
6504,225,17,0.7361
6505,225,17,0.8768
6506,225,17,0.1233
5308,222,17,0.5194
5309,222,17,0.2101
5310,222,17,0.8138
5311,222,17,0.7825
5312,222,17,0.7681
5313,222,17,0.9385
5314,222,17,0.1395
5315,222,17,0.5355
5316,222,17,0.4986
5317,222,17,0.5150
5647,223,17,0.3899
5648,223,17,0.3263
5649,223,17,0.4549
6335,224,43,0.2713
6507,225,17,0.5180
6508,225,17,0.3034
6509,225,17,0.9742
6510,225,17,0.9077
6511,225,17,0.8067
5318,222,17,0.7354
5319,222,17,0.1321
5320,222,17,0.2971
5321,222,17,0.4914
5322,222,17,0.4371
5323,222,17,0.5117
5324,222,17,0.6129
5325,222,17,0.8343
5326,222,17,0.9123
5327,222,17,0.9604
5650,223,17,0.5525
5651,223,17,0.2835
5652,223,17,0.7910
6336,224,43,0.1649
6512,225,17,0.3927
6513,225,17,0.6873
5328,222,17,0.0616
5329,222,17,0.1412
5330,222,17,0.6832
5331,222,17,0.6435
5332,222,17,0.5024
5333,222,17,0.8153
5334,222,17,0.1187
5335,222,17,0.7583
5336,222,17,0.5256
5337,222,17,0.6879
5653,223,17,0.0926
5654,223,17,0.3322
5655,223,17,0.1285
5656,223,17,0.3767
6514,225,17,0.4780
6515,225,17,0.6022
6572,226,132,0.7043
6573,226,132,0.8801
6574,226,132,0.8112
6575,226,132,0.9316
6576,226,132,0.7395
6577,226,132,0.9869
6578,226,132,0.5969
6579,226,132,0.9770
6580,226,132,0.9878
6581,226,132,0.9937
5338,222,17,0.7634
5339,222,17,0.6791
5340,222,17,0.8421
5341,222,17,0.8480
5342,222,17,0.8332
5343,222,17,0.9666
5344,222,17,0.8906
5345,222,17,0.7023
5346,222,17,0.2911
5347,222,17,0.9018
5657,223,17,0.7053
5658,223,17,0.0626
5659,223,17,0.7648
6516,225,17,0.6765
6517,225,17,0.5836
6582,226,23,0.8309
6583,226,23,0.3791
6584,226,23,0.9750
6585,226,23,0.9724
6586,226,23,0.9869
6587,226,23,0.6005
6588,226,23,0.9264
6589,226,23,0.8449
6590,226,23,0.3357
6591,226,23,0.1635
5348,222,93,0.4547
5349,222,93,0.5529
5350,222,93,0.7351
5351,222,93,0.2915
5352,222,93,0.5898
5353,222,93,0.0354
5354,222,93,0.7366
5355,222,93,0.9023
5356,222,93,0.0429
5357,222,93,0.5546
5660,223,17,0.9621
5661,223,17,0.6680
5662,223,17,0.9165
5663,223,17,0.6588
5664,223,17,0.7395
5665,223,17,0.7988
6518,225,17,0.9299
6519,225,17,0.7424
6592,226,23,0.3081
6593,226,23,0.7865
5358,222,93,0.7338
5359,222,93,0.3595
5360,222,93,0.8703
5361,222,93,0.9773
5362,222,93,0.8872
5363,222,93,0.9821
5364,222,93,0.9808
5365,222,93,0.7931
5366,222,93,0.9600
5367,222,93,0.9752
5666,223,17,0.5897
5667,223,17,0.7724
5668,223,17,0.4885
5669,223,17,0.4077
5670,223,17,0.0798
6520,225,17,0.2147
6521,225,17,0.6022
6594,226,23,0.6988
6595,226,23,0.8410
5368,222,132,0.9289
5369,222,132,0.0428
5370,222,132,0.9038
5371,222,132,0.9840
5372,222,132,0.9527
5373,222,132,0.9120
5374,222,132,0.9427
5375,222,132,0.9856
5376,222,132,0.0478
5377,222,132,0.9291
5671,223,17,0.8977
5672,223,17,0.9722
5673,223,17,0.4077
6522,225,17,0.9547
6523,225,17,0.9840
6524,225,17,0.9761
6525,225,17,0.9771
6526,225,17,0.2031
6527,225,17,0.5020
6596,226,23,0.7817
6597,226,23,0.8238
6598,226,23,0.9310
6599,226,23,0.9168
6600,226,23,0.8360
6601,226,23,0.8558
6602,226,23,0.5293
6603,226,23,0.1380
5674,223,17,0.5199
5675,223,17,0.5848
6528,225,17,0.5667
6529,225,17,0.0910
6530,225,17,0.4303
6531,225,17,0.2718
6532,225,17,0.3923
6604,226,23,0.2186
6605,226,23,0.3117
6606,226,23,0.1800
6765,227,132,0.9093
6766,227,132,0.9494
6767,227,132,0.9633
6768,227,132,0.9208
6769,227,132,0.9823
6770,227,132,0.9857
6771,227,132,0.9789
6772,227,132,0.0261
6773,227,132,0.9614
6774,227,132,0.9852
5676,223,17,0.7911
5677,223,17,0.7370
5678,223,17,0.6727
5679,223,17,0.8142
5680,223,17,0.9716
5681,223,17,0.9872
5682,223,17,0.9945
5683,223,17,0.9944
5684,223,17,0.9967
5685,223,17,0.9970
6533,225,17,0.6220
6534,225,17,0.6178
6535,225,17,0.9688
6536,225,17,0.1300
6537,225,17,0.7334
6538,225,17,0.9804
6539,225,17,0.7822
6540,225,17,0.3105
6607,226,23,0.4390
6608,226,23,0.4522
6609,226,23,0.9827
6610,226,23,0.0398
6611,226,23,0.5391
6612,226,23,0.9136
6613,226,23,0.9779
6614,226,23,0.5545
6615,226,23,0.9666
6616,226,23,0.8278
6775,227,132,0.9449
6776,227,132,0.9780
6777,227,132,0.4643
6778,227,132,0.9669
5686,223,17,0.7290
5687,223,17,0.8915
5688,223,17,0.9152
5689,223,17,0.3424
5690,223,17,0.8740
5691,223,17,0.7387
5692,223,17,0.4230
5693,223,17,0.6705
5694,223,17,0.0972
5695,223,17,0.1727
6541,225,17,0.5886
6542,225,17,0.9845
6543,225,17,0.4137
6617,226,23,0.6915
6618,226,23,0.4749
6779,227,132,0.9532
6780,227,132,0.9605
6781,227,132,0.9710
6782,227,132,0.9772
6783,227,132,0.9150
6784,227,132,0.9832
6785,227,132,0.9825
6786,227,132,0.0175
6787,227,132,0.9099
5696,223,17,0.5739
5697,223,17,0.8226
5698,223,17,0.3516
5699,223,17,0.9085
5700,223,17,0.8999
6544,225,17,0.1786
6545,225,17,0.5700
6619,226,23,0.4164
6620,226,23,0.6201
6621,226,23,0.2955
6788,227,132,0.9354
6789,227,132,0.7993
6790,227,132,0.5047
5701,223,17,0.4522
5702,223,17,0.7434
6546,225,17,0.2684
6547,225,17,0.7655
6622,226,23,0.6017
6623,226,23,0.8599
6791,227,132,0.9608
6792,227,132,0.9010
6793,227,132,0.2531
5703,223,17,0.2240
5704,223,17,0.2285
5705,223,17,0.9470
5706,223,17,0.8063
5707,223,17,0.4777
5708,223,17,0.8069
6548,225,17,0.7722
6549,225,17,0.6663
6550,225,17,0.3748
6624,226,23,0.6908
6625,226,23,0.8412
6794,227,132,0.2680
6795,227,132,0.9358
6796,227,132,0.2089
6797,227,132,0.5975
5709,223,17,0.6785
5710,223,17,0.2830
5711,223,17,0.8810
5712,223,17,0.5966
5713,223,17,0.9227
5714,223,17,0.8781
5715,223,17,0.6627
5716,223,17,0.9153
5717,223,17,0.3496
5718,223,17,0.8762
6551,225,17,0.3411
6552,225,17,0.9484
6553,225,17,0.9763
6554,225,17,0.0826
6555,225,17,0.8616
6556,225,17,0.5969
6557,225,17,0.7900
6558,225,17,0.6995
6559,225,17,0.8856
6560,225,17,0.5824
6626,226,23,0.9607
6627,226,23,0.7956
6798,227,132,0.7932
6799,227,132,0.2037
6800,227,132,0.9824
6801,227,132,0.6920
6802,227,132,0.9865
6803,227,132,0.9777
6804,227,132,0.7387
6805,227,132,0.9703
6806,227,132,0.2420
6807,227,132,0.8500
5719,223,17,0.5609
5720,223,17,0.2822
5721,223,17,0.4997
5722,223,17,0.4625
5723,223,17,0.7756
5724,223,17,0.8983
5725,223,17,0.8912
5726,223,17,0.8906
5727,223,17,0.1195
5728,223,17,0.5029
6561,225,93,0.7583
6562,225,93,0.3875
6628,226,23,0.4852
6629,226,23,0.3020
6630,226,23,0.7753
6631,226,23,0.7963
6808,227,132,0.9102
6809,227,132,0.9640
6810,227,132,0.9767
6811,227,132,0.8942
6812,227,132,0.4283
6813,227,132,0.9633
6814,227,132,0.6362
6815,227,132,0.4159
5729,223,17,0.3507
5730,223,17,0.3636
5731,223,17,0.2508
5732,223,17,0.2576
5733,223,17,0.5137
5734,223,17,0.5407
5735,223,17,0.3496
5736,223,17,0.3348
5737,223,17,0.8270
5738,223,17,0.7579
6563,225,93,0.8647
6564,225,93,0.9588
6565,225,93,0.9549
6566,225,93,0.2381
6567,225,93,0.9515
6568,225,93,0.9658
6569,225,93,0.9780
6570,225,93,0.9750
6571,225,93,0.3927
6632,226,23,0.9348
6633,226,23,0.0999
6634,226,23,0.7685
6635,226,23,0.8310
6816,227,132,0.8597
6817,227,132,0.6135
6818,227,132,0.2500
5739,223,17,0.7108
5740,223,17,0.7982
5741,223,17,0.6863
5742,223,17,0.0574
5743,223,17,0.4134
5744,223,17,0.4607
5745,223,17,0.8878
5746,223,17,0.8414
5747,223,17,0.8763
5748,223,17,0.0680
6636,226,23,0.3633
6637,226,23,0.7792
6819,227,132,0.9922
6820,227,132,0.8074
6821,227,132,0.8625
6822,227,132,0.9805
6823,227,132,0.1733
6824,227,132,0.9065
7642,228,132,0.7546
7643,228,132,0.6279
7644,228,132,0.0190
7645,228,132,0.8657
7646,228,132,0.7998
7647,228,132,0.6313
7648,228,132,0.9328
7649,228,132,0.9734
7650,228,132,0.9794
7651,228,132,0.9684
5749,223,17,0.2924
5750,223,17,0.4340
5751,223,17,0.8780
5752,223,17,0.8678
5753,223,17,0.0673
5754,223,17,0.4303
5755,223,17,0.3670
5756,223,17,0.8437
5757,223,17,0.8222
5758,223,17,0.0778
6638,226,23,0.8243
6639,226,23,0.9690
6640,226,23,0.8109
6641,226,23,0.8781
6642,226,23,0.0277
6643,226,23,0.9198
6644,226,23,0.9645
6645,226,23,0.3250
6646,226,23,0.5174
6647,226,23,0.5508
6825,227,132,0.8821
6826,227,132,0.5522
6827,227,132,0.6360
7652,228,132,0.8865
7653,228,132,0.9423
7654,228,132,0.8611
7655,228,132,0.9870
7656,228,132,0.2894
7657,228,132,0.8185
7658,228,132,0.6563
7659,228,132,0.9175
7660,228,132,0.9909
7661,228,132,0.9954
5759,223,17,0.4026
5760,223,17,0.1215
5761,223,17,0.8907
5762,223,17,0.1301
5763,223,17,0.6793
5764,223,17,0.6117
5765,223,17,0.3173
5766,223,17,0.3536
5767,223,17,0.8359
5768,223,17,0.6660
6648,226,23,0.9014
6649,226,23,0.8325
6650,226,23,0.8904
6651,226,23,0.9251
6652,226,23,0.4628
6653,226,23,0.1036
6828,227,132,0.8172
6829,227,132,0.5792
6830,227,132,0.8234
6831,227,132,0.7288
6832,227,132,0.9122
6833,227,132,0.9738
6834,227,132,0.9820
6835,227,132,0.8765
6836,227,132,0.1086
7662,228,132,0.7601
7663,228,132,0.9868
7664,228,132,0.9074
7665,228,132,0.9729
7666,228,132,0.9828
7667,228,132,0.3085
7668,228,132,0.9700
7669,228,132,0.9773
7670,228,132,0.9743
7671,228,132,0.9807
5769,223,17,0.4200
5770,223,17,0.6757
5771,223,17,0.1719
5772,223,17,0.6364
5773,223,17,0.8335
5774,223,17,0.7191
5775,223,17,0.9017
5776,223,17,0.8145
5777,223,17,0.9276
5778,223,17,0.8819
6654,226,23,0.4122
6655,226,23,0.7851
6656,226,23,0.2420
6657,226,23,0.7780
6837,227,132,0.9202
6838,227,132,0.9724
6839,227,132,0.6990
6840,227,132,0.8694
6841,227,132,0.3929
6842,227,132,0.8059
6843,227,132,0.8683
6844,227,132,0.5082
6845,227,132,0.8895
6846,227,132,0.9737
7672,228,23,0.9065
7673,228,23,0.9491
7674,228,23,0.7025
7675,228,23,0.3509
7676,228,23,0.7308
7677,228,23,0.9574
7678,228,23,0.9856
7679,228,23,0.9925
7680,228,23,0.9950
7681,228,23,0.9961
5779,223,17,0.7695
5780,223,17,0.0373
5781,223,17,0.5108
5782,223,17,0.5386
5783,223,17,0.1263
5784,223,17,0.9681
5785,223,17,0.8480
5786,223,17,0.8216
5787,223,17,0.8848
5788,223,17,0.2064
6658,226,23,0.0954
6659,226,23,0.6382
6847,227,23,0.5340
6848,227,23,0.8883
7682,228,23,0.8726
7683,228,23,0.6222
7684,228,23,0.1695
7685,228,23,0.6604
7686,228,23,0.9900
7687,228,23,0.9947
7688,228,23,0.9948
7689,228,23,0.9954
7690,228,23,0.9958
7691,228,23,0.9944
5789,223,17,0.4697
5790,223,17,0.6203
5791,223,17,0.9622
5792,223,17,0.1566
5793,223,17,0.7548
5794,223,17,0.8859
5795,223,17,0.8907
5796,223,17,0.9432
5797,223,17,0.8980
5798,223,17,0.9219
6660,226,23,0.9128
6661,226,23,0.8412
6849,227,23,0.3341
6850,227,23,0.7904
7692,228,23,0.9114
7693,228,23,0.3970
7694,228,23,0.9498
7695,228,23,0.9920
7696,228,23,0.9949
7697,228,23,0.9948
7698,228,23,0.9949
7699,228,23,0.9955
7700,228,23,0.9953
7701,228,23,0.9953
5799,223,17,0.1920
5800,223,17,0.5951
5801,223,17,0.8853
5802,223,17,0.8147
5803,223,17,0.8306
5804,223,17,0.8663
5805,223,17,0.1441
5806,223,17,0.3476
5807,223,17,0.7340
5808,223,17,0.5177
6662,226,23,0.8821
6663,226,23,0.9362
6664,226,23,0.8154
6665,226,23,0.1170
6666,226,23,0.7301
6667,226,23,0.8234
6851,227,23,0.9297
6852,227,23,0.7500
7702,228,23,0.6678
7703,228,23,0.5381
7704,228,23,0.5813
7705,228,23,0.8471
7706,228,23,0.9877
7707,228,23,0.9944
7708,228,23,0.9943
7709,228,23,0.9951
7710,228,23,0.9956
7711,228,23,0.9953
5809,223,17,0.8219
5810,223,17,0.4647
5811,223,17,0.5056
5812,223,17,0.2585
5813,223,17,0.4613
5814,223,17,0.7670
5815,223,17,0.6316
5816,223,17,0.2472
5817,223,17,0.3749
5818,223,17,0.6150
6668,226,23,0.0610
6669,226,23,0.7747
6853,227,23,0.8096
6854,227,23,0.7992
6855,227,23,0.5249
6856,227,23,0.5320
6857,227,23,0.4169
6858,227,23,0.8322
6859,227,23,0.7473
6860,227,23,0.8731
6861,227,23,0.9321
6862,227,23,0.8332
7712,228,23,0.8603
7713,228,23,0.6272
7714,228,23,0.8412
7715,228,23,0.9718
7716,228,23,0.9684
7717,228,23,0.7824
7718,228,23,0.0588
7719,228,23,0.9276
7720,228,23,0.9658
7721,228,23,0.9840
5819,223,17,0.9269
5820,223,17,0.9522
5821,223,17,0.0787
5822,223,17,0.8312
5823,223,17,0.8362
5824,223,17,0.9404
5825,223,17,0.8508
5826,223,17,0.0876
5827,223,17,0.4147
5828,223,17,0.3054
6670,226,23,0.7806
6671,226,23,0.9397
6672,226,23,0.2751
6673,226,23,0.6267
6674,226,23,0.1523
6863,227,23,0.4378
6864,227,23,0.3508
6865,227,23,0.0276
6866,227,23,0.2109
6867,227,23,0.9026
6868,227,23,0.8932
6869,227,23,0.1811
6870,227,23,0.3994
6871,227,23,0.8009
6872,227,23,0.8027
7722,228,23,0.8498
7723,228,23,0.8046
7724,228,23,0.6247
7725,228,23,0.9439
7726,228,23,0.9820
7727,228,23,0.9922
7728,228,23,0.9933
7729,228,23,0.9942
7730,228,23,0.9966
7731,228,23,0.9974
5829,223,17,0.3318
5830,223,17,0.4487
5831,223,17,0.3744
5832,223,17,0.4885
5833,223,17,0.4747
5834,223,17,0.5919
5835,223,17,0.8045
5836,223,17,0.0758
5837,223,17,0.5567
5838,223,17,0.6517
6675,226,23,0.9493
6676,226,23,0.2823
6677,226,23,0.8750
6678,226,23,0.9649
6679,226,23,0.9830
6680,226,23,0.4384
6681,226,23,0.9697
6682,226,23,0.9793
6683,226,23,0.3853
6873,227,23,0.7514
6874,227,23,0.3985
6875,227,23,0.8487
6876,227,23,0.4066
6877,227,23,0.4956
6878,227,23,0.4718
7732,228,23,0.4851
7733,228,23,0.5173
7734,228,23,0.5557
7735,228,23,0.9128
7736,228,23,0.9785
7737,228,23,0.9905
7738,228,23,0.9945
7739,228,23,0.9965
7740,228,23,0.9970
7741,228,23,0.9958
5839,223,17,0.8780
5840,223,17,0.5187
5841,223,17,0.1370
5842,223,17,0.8746
5843,223,17,0.4442
5844,223,17,0.1555
5845,223,17,0.6208
5846,223,17,0.5428
5847,223,17,0.0929
5848,223,17,0.4804
6684,226,107,0.6403
6685,226,107,0.8826
6686,226,107,0.9773
6687,226,107,0.9041
6688,226,107,0.8158
6689,226,107,0.9830
6690,226,107,0.9721
6691,226,107,0.9703
6692,226,107,0.3726
6879,227,23,0.0655
6880,227,23,0.1190
6881,227,23,0.8123
6882,227,23,0.8913
6883,227,23,0.8786
6884,227,23,0.9294
6885,227,23,0.8711
6886,227,23,0.9235
6887,227,23,0.1045
6888,227,23,0.7801
7742,228,23,0.3226
7743,228,23,0.5880
7744,228,23,0.9513
7745,228,23,0.9858
7746,228,23,0.9926
7747,228,23,0.9967
7748,228,23,0.9971
7749,228,23,0.9974
7750,228,23,0.9977
7751,228,23,0.9967
5849,223,17,0.6444
5850,223,17,0.3510
5851,223,17,0.3782
5852,223,17,0.7561
5853,223,17,0.5366
5854,223,17,0.1759
5855,223,17,0.3406
5856,223,17,0.5330
5857,223,17,0.3095
5858,223,17,0.5177
6693,226,43,0.8237
6694,226,43,0.4091
6695,226,43,0.9440
6696,226,43,0.3151
6697,226,43,0.9612
6698,226,43,0.4769
6699,226,43,0.7383
6889,227,23,0.4410
6890,227,23,0.6873
6891,227,23,0.2803
6892,227,23,0.2694
6893,227,23,0.5693
6894,227,23,0.7398
6895,227,23,0.9153
6896,227,23,0.6455
6897,227,23,0.1026
6898,227,23,0.4507
7752,228,23,0.8586
7753,228,23,0.0630
7754,228,23,0.9244
7755,228,23,0.9737
7756,228,23,0.9650
7757,228,23,0.8437
7758,228,23,0.9430
7759,228,23,0.9753
7760,228,23,0.9889
7761,228,23,0.9911
5859,223,17,0.1616
5860,223,17,0.7191
5861,223,17,0.9443
5862,223,17,0.0232
5863,223,17,0.1684
5864,223,17,0.6442
5865,223,17,0.5240
5866,223,17,0.5117
5867,223,17,0.5791
5868,223,17,0.8883
6700,226,43,0.2767
6701,226,43,0.9679
6899,227,23,0.9491
6900,227,23,0.3771
6901,227,23,0.6935
6902,227,23,0.7995
6903,227,23,0.9314
6904,227,23,0.9107
6905,227,23,0.9417
6906,227,23,0.9091
6907,227,23,0.9243
6908,227,23,0.1106
7762,228,107,0.8925
7763,228,107,0.2990
7764,228,107,0.0250
7765,228,107,0.9560
7766,228,107,0.9078
7767,228,107,0.6451
7768,228,107,0.6114
7769,228,107,0.9120
7770,228,107,0.8366
7771,228,107,0.9234
5869,223,17,0.3687
5870,223,17,0.5219
6702,226,43,0.9664
6703,226,43,0.3928
6704,226,43,0.9755
6705,226,43,0.9866
6706,226,43,0.9727
6707,226,43,0.9746
6708,226,43,0.8383
6709,226,43,0.1532
6710,226,43,0.9705
6711,226,43,0.8718
6909,227,23,0.5507
6910,227,23,0.3426
6911,227,23,0.4964
6912,227,23,0.5486
6913,227,23,0.8472
6914,227,23,0.9175
6915,227,23,0.9465
6916,227,23,0.9740
6917,227,23,0.9884
6918,227,23,0.9892
7772,228,107,0.9389
7773,228,107,0.0997
7774,228,107,0.9335
7775,228,107,0.9665
7776,228,107,0.9849
7777,228,107,0.9911
7778,228,107,0.9911
7779,228,107,0.9944
7780,228,107,0.9948
7781,228,107,0.9970
5871,223,17,0.5211
5872,223,17,0.6421
5873,223,17,0.0414
5874,223,17,0.4778
5875,223,17,0.7114
5876,223,17,0.7013
5877,223,17,0.9000
5878,223,17,0.5666
5879,223,17,0.8926
5880,223,17,0.8489
6712,226,17,0.3320
6713,226,17,0.3392
6714,226,17,0.7451
6715,226,17,0.9774
6716,226,17,0.5873
6717,226,17,0.4631
6718,226,17,0.6724
6919,227,23,0.4189
6920,227,23,0.4033
6921,227,23,0.5164
6922,227,23,0.6735
6923,227,23,0.8304
6924,227,23,0.9068
6925,227,23,0.9450
6926,227,23,0.9783
6927,227,23,0.9879
6928,227,23,0.9896
7782,228,107,0.8434
7783,228,107,0.8659
7784,228,107,0.8741
7785,228,107,0.7895
7786,228,107,0.2829
7787,228,107,0.9599
7788,228,107,0.9199
7789,228,107,0.9861
7790,228,107,0.9676
5881,223,17,0.9484
5882,223,17,0.5710
5883,223,17,0.2234
5884,223,17,0.0990
5885,223,17,0.8237
5886,223,17,0.3760
5887,223,17,0.9508
5888,223,17,0.8737
5889,223,17,0.8950
5890,223,17,0.0716
6719,226,17,0.4252
6720,226,17,0.7241
6929,227,23,0.4130
6930,227,23,0.5274
6931,227,23,0.5411
6932,227,23,0.6466
6933,227,23,0.7555
6934,227,23,0.8670
6935,227,23,0.9287
6936,227,23,0.9671
6937,227,23,0.9851
6938,227,23,0.9905
7791,228,43,0.9591
7792,228,43,0.9471
7793,228,43,0.4036
7794,228,43,0.6158
7795,228,43,0.9705
7796,228,43,0.9858
7797,228,43,0.9922
7798,228,43,0.9872
7799,228,43,0.9949
7800,228,43,0.9967
5891,223,17,0.1463
5892,223,17,0.6139
5893,223,17,0.4105
5894,223,17,0.9219
5895,223,17,0.8819
5896,223,17,0.8725
5897,223,17,0.1131
5898,223,17,0.3193
5899,223,17,0.3110
5900,223,17,0.7667
6721,226,17,0.5376
6722,226,17,0.6147
6723,226,17,0.5680
6724,226,17,0.6325
6725,226,17,0.9833
6726,226,17,0.6660
6727,226,17,0.4983
6939,227,23,0.7509
6940,227,23,0.7623
6941,227,23,0.1389
6942,227,23,0.6201
6943,227,23,0.5406
6944,227,23,0.5911
6945,227,23,0.2184
6946,227,23,0.5019
6947,227,23,0.2462
6948,227,23,0.5332
7801,228,43,0.6010
7802,228,43,0.9657
7803,228,43,0.2815
7804,228,43,0.0339
7805,228,43,0.5546
7806,228,43,0.8099
7807,228,43,0.1220
7808,228,43,0.5713
7809,228,43,0.6757
7810,228,43,0.0754
5901,223,17,0.4249
5902,223,17,0.7989
5903,223,17,0.8615
5904,223,17,0.1605
5905,223,17,0.4974
5906,223,17,0.5113
5907,223,17,0.6646
5908,223,17,0.8573
5909,223,17,0.9274
5910,223,17,0.9551
6728,226,17,0.8237
6729,226,17,0.6872
6949,227,107,0.8451
6950,227,107,0.9681
6951,227,107,0.9193
6952,227,107,0.9795
6953,227,107,0.9901
6954,227,107,0.9502
6955,227,107,0.9311
6956,227,107,0.9761
6957,227,107,0.8269
7811,228,43,0.7958
7812,228,43,0.6265
7813,228,43,0.9883
7814,228,43,0.9694
7815,228,43,0.8701
7816,228,43,0.9832
7817,228,43,0.8028
7818,228,43,0.5543
7819,228,43,0.9570
7820,228,43,0.2535
5911,223,17,0.2426
5912,223,17,0.0690
5913,223,17,0.9076
5914,223,17,0.8573
5915,223,17,0.8722
5916,223,17,0.9268
5917,223,17,0.8852
5918,223,17,0.9339
5919,223,17,0.1085
5920,223,17,0.4982
6730,226,17,0.9068
6731,226,17,0.3135
6732,226,17,0.6254
6733,226,17,0.9789
6734,226,17,0.3922
6735,226,17,0.8165
6736,226,17,0.9688
6737,226,17,0.4041
6738,226,17,0.0980
6958,227,43,0.9495
6959,227,43,0.8444
6960,227,43,0.8310
6961,227,43,0.4243
6962,227,43,0.3411
6963,227,43,0.0846
7821,228,17,0.7628
7822,228,17,0.9746
7823,228,17,0.8379
7824,228,17,0.4187
7825,228,17,0.3978
7826,228,17,0.4781
7827,228,17,0.9771
7828,228,17,0.9929
7829,228,17,0.9934
7830,228,17,0.9945
5921,223,17,0.4317
5922,223,17,0.6941
5923,223,17,0.3885
5924,223,17,0.2994
5925,223,17,0.4326
5926,223,17,0.6380
5927,223,17,0.9021
5928,223,17,0.2960
5929,223,17,0.4930
5930,223,17,0.8335
6739,226,17,0.2463
6740,226,17,0.8232
6964,227,43,0.5674
6965,227,43,0.6747
7831,228,17,0.8999
7832,228,17,0.9841
7833,228,17,0.8574
7834,228,17,0.7171
7835,228,17,0.8374
7836,228,17,0.9678
7837,228,17,0.9824
7838,228,17,0.9346
7839,228,17,0.9847
5931,223,17,0.5952
5932,223,17,0.3890
5933,223,17,0.1517
5934,223,17,0.9209
5935,223,17,0.2952
5936,223,17,0.5094
5937,223,17,0.8444
5938,223,17,0.2751
5939,223,17,0.9329
5940,223,17,0.9888
6741,226,17,0.8309
6742,226,17,0.4085
6743,226,17,0.1019
6966,227,43,0.9401
6967,227,43,0.5838
6968,227,43,0.9809
6969,227,43,0.9855
6970,227,43,0.9544
6971,227,43,0.9354
7840,228,93,0.6781
7841,228,93,0.8798
7842,228,93,0.9761
7843,228,93,0.9731
7844,228,93,0.4605
7845,228,93,0.8898
7846,228,93,0.9464
7847,228,93,0.6384
7848,228,93,0.4517
7849,228,93,0.4376
5941,223,17,0.0247
5942,223,17,0.2608
5943,223,17,0.4970
5944,223,17,0.7296
5945,223,17,0.8490
5946,223,17,0.9587
5947,223,17,0.9640
5948,223,17,0.9840
5949,223,17,0.0113
5950,223,17,0.0741
6744,226,17,0.1833
6745,226,17,0.7815
6972,227,43,0.9483
6973,227,43,0.8650
6974,227,43,0.9739
6975,227,43,0.9739
6976,227,43,0.1507
6977,227,43,0.6294
6978,227,43,0.3293
6979,227,43,0.3550
7850,228,93,0.3977
7851,228,93,0.7122
7852,228,93,0.6390
7853,228,93,0.0375
7854,228,93,0.4972
7855,228,93,0.7397
7856,228,93,0.8559
7857,228,93,0.9301
7858,228,93,0.9743
7859,228,93,0.9857
5951,223,17,0.2460
5952,223,17,0.6881
5953,223,17,0.6254
5954,223,17,0.0554
5955,223,17,0.4576
5956,223,17,0.7896
5957,223,17,0.8117
5958,223,17,0.9106
5959,223,17,0.6308
5960,223,17,0.2971
6746,226,17,0.8940
6747,226,17,0.9718
6748,226,17,0.8287
6749,226,17,0.9780
6750,226,17,0.0600
6751,226,17,0.8416
6752,226,17,0.9385
6753,226,17,0.9246
6754,226,17,0.9833
6980,227,43,0.8423
6981,227,43,0.8364
6982,227,43,0.7635
6983,227,43,0.7637
7860,228,93,0.4557
7861,228,93,0.3637
7862,228,93,0.9026
7863,228,93,0.9791
7864,228,93,0.9939
7865,228,93,0.0058
7866,228,93,0.6277
7867,228,93,0.2879
7868,228,93,0.6046
7869,228,93,0.6653
5961,223,17,0.5607
5962,223,17,0.8567
5963,223,17,0.4419
5964,223,17,0.8718
5965,223,17,0.9460
5966,223,17,0.9839
5967,223,17,0.9671
5968,223,17,0.5216
5969,223,17,0.7762
5970,223,17,0.6737
6755,226,93,0.8813
6756,226,93,0.9676
6757,226,93,0.9887
6758,226,93,0.9703
6759,226,93,0.6044
6760,226,93,0.7057
6761,226,93,0.9792
6762,226,93,0.9875
6763,226,93,0.9508
6984,227,43,0.9717
6985,227,43,0.8970
6986,227,43,0.9838
6987,227,43,0.9846
6988,227,43,0.7808
6989,227,43,0.0689
7870,228,93,0.6439
7871,228,93,0.7728
7872,228,93,0.7933
7873,228,93,0.9337
7874,228,93,0.9825
7875,228,93,0.9864
7876,228,93,0.8357
7877,228,93,0.9751
7878,228,93,0.9873
5971,223,93,0.7401
5972,223,93,0.9186
5973,223,93,0.9105
5974,223,93,0.9605
5975,223,93,0.9680
5976,223,93,0.2002
5977,223,93,0.9800
5978,223,93,0.7137
5979,223,93,0.5303
5980,223,93,0.1078
6764,226,107,0.0225
6990,227,43,0.8799
6991,227,43,0.2865
6992,227,43,0.9696
6993,227,43,0.6140
6994,227,43,0.7026
6995,227,43,0.3613
6996,227,43,0.5106
6997,227,43,0.2471
6998,227,43,0.4134
6999,227,43,0.8329
7879,228,132,0.8932
7880,228,132,0.9538
7881,228,132,0.9739
7882,228,132,0.9581
7883,228,132,0.9622
7884,228,132,0.7856
7885,228,132,0.0975
7886,228,132,0.9779
7887,228,132,0.9240
7888,228,132,0.9683
5981,223,93,0.5496
5982,223,93,0.9701
5983,223,93,0.9741
5984,223,93,0.9688
5985,223,93,0.4735
5986,223,93,0.8243
5987,223,93,0.9778
5988,223,93,0.7003
5989,223,93,0.9854
5990,223,93,0.9897
7000,227,43,0.3602
7001,227,43,0.3189
7002,227,43,0.4449
7003,227,43,0.8950
7004,227,43,0.8000
7005,227,43,0.8194
7006,227,43,0.8741
7007,227,43,0.0767
7008,227,43,0.4894
7009,227,43,0.2274
7889,228,132,0.9444
7890,228,132,0.8923
7891,228,132,0.9514
7892,228,132,0.9722
7893,228,132,0.4113
7894,228,132,0.2267
7895,228,132,0.6230
7896,228,132,0.9751
7897,228,132,0.9629
7898,228,132,0.6163
7909,229,132,0.1038
7910,229,132,0.5571
7911,229,132,0.8039
7912,229,132,0.6953
7913,229,132,0.8667
7914,229,132,0.3883
7915,229,132,0.7211
7916,229,132,0.9755
7917,229,132,0.2549
7918,229,132,0.9732
5991,223,93,0.4916
5992,223,93,0.4553
5993,223,93,0.3063
5994,223,93,0.8953
5995,223,93,0.9510
5996,223,93,0.9634
5997,223,93,0.9821
5998,223,93,0.9881
5999,223,93,0.9885
6000,223,93,0.9900
7010,227,43,0.0840
7011,227,43,0.6139
7012,227,43,0.1742
7013,227,43,0.6992
7014,227,43,0.3272
7015,227,43,0.3227
7016,227,43,0.2377
7017,227,43,0.4919
7018,227,43,0.4009
7019,227,43,0.7171
7899,228,132,0.9362
7900,228,132,0.9712
7901,228,132,0.9735
7902,228,132,0.9868
7903,228,132,0.9758
7904,228,132,0.9747
7905,228,132,0.9884
7906,228,132,0.9848
7907,228,132,0.8147
7908,228,132,0.9763
7919,229,132,0.4599
7920,229,132,0.8014
7921,229,132,0.0760
7922,229,132,0.0982
6001,223,93,0.2509
6002,223,93,0.0723
6003,223,93,0.6617
6004,223,93,0.4441
6005,223,93,0.2037
6006,223,93,0.1573
6007,223,93,0.8818
6008,223,93,0.4074
6009,223,93,0.6400
6010,223,93,0.7609
7020,227,43,0.0271
7021,227,43,0.8349
7022,227,43,0.8791
7023,227,43,0.9238
7024,227,43,0.9469
7025,227,43,0.0254
7026,227,43,0.7025
7027,227,43,0.1722
7028,227,43,0.8951
7029,227,43,0.8500
7923,229,132,0.1044
7924,229,132,0.6308
8412,230,132,0.5838
8413,230,132,0.8800
8414,230,132,0.9541
8415,230,132,0.6187
8416,230,132,0.9724
8417,230,132,0.9799
8418,230,132,0.9834
8419,230,132,0.9778
8420,230,132,0.9851
8421,230,132,0.9178
6011,223,93,0.4678
6012,223,93,0.7267
6013,223,93,0.6075
6014,223,93,0.8706
6015,223,93,0.9447
6016,223,93,0.9753
6017,223,93,0.9922
6018,223,93,0.9940
6019,223,93,0.0035
6020,223,93,0.7722
7030,227,43,0.0753
7031,227,43,0.2812
7032,227,43,0.6618
7033,227,43,0.9152
7034,227,43,0.9708
7035,227,43,0.9684
7036,227,43,0.9693
7037,227,43,0.9700
7038,227,43,0.9806
7039,227,43,0.9790
7925,229,132,0.9371
7926,229,132,0.8884
7927,229,132,0.1733
7928,229,132,0.8996
8422,230,23,0.6830
8423,230,23,0.5462
8424,230,23,0.4383
6021,223,93,0.6245
6022,223,93,0.8335
6023,223,93,0.3143
6024,223,93,0.8608
6025,223,93,0.4797
6026,223,93,0.8371
6027,223,93,0.9561
6028,223,93,0.8445
6029,223,93,0.8358
6030,223,93,0.1528
7040,227,43,0.9399
7041,227,43,0.5132
7042,227,43,0.9678
7043,227,43,0.7955
7044,227,43,0.6197
7045,227,43,0.8139
7046,227,43,0.3813
7047,227,43,0.1726
7048,227,43,0.6626
7049,227,43,0.4422
7929,229,132,0.9359
7930,229,132,0.9794
7931,229,132,0.9614
7932,229,132,0.9792
7933,229,132,0.9781
7934,229,132,0.9767
7935,229,132,0.1851
7936,229,132,0.2915
7937,229,132,0.1783
7938,229,132,0.1687
8425,230,23,0.9306
8426,230,23,0.9820
8427,230,23,0.8638
8428,230,23,0.8421
7050,227,43,0.9012
7051,227,43,0.2885
7052,227,43,0.9675
7053,227,43,0.1146
7054,227,43,0.7696
7055,227,43,0.9756
7056,227,43,0.9802
7057,227,43,0.9570
7058,227,43,0.9944
7059,227,43,0.9931
7939,229,132,0.8679
7940,229,132,0.8611
7941,229,132,0.4407
7942,229,132,0.7975
7943,229,132,0.0976
8429,230,23,0.8640
8430,230,23,0.9146
8431,230,23,0.6130
8432,230,23,0.9569
8433,230,23,0.8262
8434,230,23,0.4350
8574,231,132,0.9374
8575,231,132,0.2877
8576,231,132,0.8478
8577,231,132,0.9603
8578,231,132,0.4087
8579,231,132,0.9647
8580,231,132,0.6414
8581,231,132,0.9329
8582,231,132,0.9492
8583,231,132,0.9525
7060,227,43,0.9468
7061,227,43,0.9363
7062,227,43,0.6139
7063,227,43,0.8121
7064,227,43,0.1636
7065,227,43,0.1521
7066,227,43,0.5618
7067,227,43,0.5072
7068,227,43,0.4201
7069,227,43,0.3503
7944,229,132,0.9448
7945,229,132,0.9810
7946,229,132,0.9848
7947,229,132,0.8719
7948,229,132,0.3586
7949,229,132,0.9799
7950,229,132,0.8332
7951,229,132,0.6647
7952,229,132,0.9782
7953,229,132,0.9857
8435,230,23,0.8831
8436,230,23,0.4804
8437,230,23,0.6246
8438,230,23,0.9749
8439,230,23,0.9366
8440,230,23,0.7981
8584,231,132,0.9419
8585,231,132,0.8680
8586,231,132,0.9824
8587,231,132,0.9778
8588,231,132,0.6050
8589,231,132,0.8666
8590,231,132,0.9775
8591,231,132,0.8445
8592,231,132,0.9773
8593,231,132,0.9854
7070,227,43,0.6565
7071,227,43,0.6461
7072,227,43,0.4387
7073,227,43,0.6198
7074,227,43,0.4929
7075,227,43,0.9777
7076,227,43,0.9437
7077,227,43,0.9063
7078,227,43,0.9725
7079,227,43,0.9782
7954,229,23,0.8668
7955,229,23,0.8241
7956,229,23,0.8894
8441,230,23,0.9034
8442,230,23,0.9816
8443,230,23,0.2620
8594,231,132,0.9041
8595,231,132,0.6899
8596,231,132,0.9570
8597,231,132,0.9740
8598,231,132,0.9800
8599,231,132,0.9877
8600,231,132,0.9706
8601,231,132,0.9645
8602,231,132,0.8457
8603,231,132,0.9698
7080,227,17,0.8316
7081,227,17,0.9777
7082,227,17,0.9616
7083,227,17,0.9829
7084,227,17,0.5268
7085,227,17,0.8946
7086,227,17,0.9592
7087,227,17,0.9934
7088,227,17,0.9957
7089,227,17,0.9960
7957,229,23,0.7857
7958,229,23,0.7974
8444,230,23,0.8939
8445,230,23,0.9546
8446,230,23,0.7179
8447,230,23,0.9739
8448,230,23,0.9812
8449,230,23,0.7501
8450,230,23,0.9762
8451,230,23,0.3452
8452,230,23,0.7929
8604,231,23,0.8176
8605,231,23,0.7769
8606,231,23,0.4183
8607,231,23,0.9812
8608,231,23,0.9850
8609,231,23,0.9887
8610,231,23,0.9945
8611,231,23,0.9959
8612,231,23,0.9955
8613,231,23,0.9959
7090,227,17,0.9077
7091,227,17,0.6121
7092,227,17,0.2934
7093,227,17,0.0926
7959,229,23,0.8794
7960,229,23,0.7397
7961,229,23,0.6222
7962,229,23,0.9769
7963,229,23,0.9834
7964,229,23,0.9707
7965,229,23,0.9829
7966,229,23,0.9856
7967,229,23,0.2524
7968,229,23,0.9374
8453,230,107,0.8118
8454,230,107,0.9668
8455,230,107,0.9627
8456,230,107,0.9851
8457,230,107,0.9683
8458,230,107,0.9805
8459,230,107,0.8501
8460,230,107,0.9854
8461,230,107,0.9544
8614,231,23,0.9876
8615,231,23,0.8510
8616,231,23,0.3241
8617,231,23,0.9732
8618,231,23,0.4226
8619,231,23,0.7890
8620,231,23,0.9617
8621,231,23,0.9840
8622,231,23,0.3394
8623,231,23,0.3860
7094,227,17,0.4186
7095,227,17,0.3939
7969,229,23,0.8603
7970,229,23,0.8012
7971,229,23,0.9828
7972,229,23,0.4172
7973,229,23,0.7675
7974,229,23,0.9236
7975,229,23,0.0218
8462,230,43,0.9806
8463,230,43,0.8691
8464,230,43,0.1430
8465,230,43,0.1658
8624,231,23,0.6487
8625,231,23,0.3440
8626,231,23,0.9753
8627,231,23,0.7161
8628,231,23,0.9218
8629,231,23,0.9813
8630,231,23,0.8969
8631,231,23,0.7986
8632,231,23,0.6596
8633,231,23,0.9854
7096,227,17,0.7437
7097,227,17,0.8519
7098,227,17,0.8150
7099,227,17,0.4896
7100,227,17,0.9439
7101,227,17,0.0222
7102,227,17,0.2479
7103,227,17,0.6216
7104,227,17,0.7971
7105,227,17,0.0286
7976,229,23,0.9543
7977,229,23,0.4657
7978,229,23,0.1567
8466,230,43,0.9722
8467,230,43,0.9559
8468,230,43,0.3795
8469,230,43,0.9478
8634,231,23,0.9802
8635,231,23,0.5893
8636,231,23,0.9207
8637,231,23,0.5919
8638,231,23,0.8401
8639,231,23,0.9659
8640,231,23,0.5419
8641,231,23,0.9689
8642,231,23,0.9930
8643,231,23,0.9935
7106,227,17,0.5942
7107,227,17,0.5663
7979,229,23,0.8993
7980,229,23,0.8289
8470,230,43,0.1089
8644,231,23,0.8767
8645,231,23,0.9890
8646,231,23,0.5858
8647,231,23,0.5692
8648,231,23,0.8344
8649,231,23,0.8488
8650,231,23,0.9767
8651,231,23,0.9670
8652,231,23,0.9644
8653,231,23,0.9919
7108,227,17,0.8093
7109,227,17,0.7049
7981,229,23,0.9057
7982,229,23,0.6420
7983,229,23,0.5553
8471,230,43,0.9432
8472,230,43,0.7874
8473,230,43,0.4649
8474,230,43,0.9449
8475,230,43,0.9251
8476,230,43,0.6239
8477,230,43,0.4289
8654,231,23,0.5859
8655,231,23,0.9749
8656,231,23,0.9853
8657,231,23,0.4667
8658,231,23,0.9450
8659,231,23,0.6104
8660,231,23,0.9822
8661,231,23,0.5816
8662,231,23,0.9556
8663,231,23,0.9767
7110,227,43,0.0863
7984,229,23,0.8392
7985,229,23,0.6955
8478,230,43,0.9587
8479,230,43,0.9772
8480,230,43,0.8563
8481,230,43,0.7602
8482,230,43,0.7160
8483,230,43,0.9055
8484,230,43,0.7626
8485,230,43,0.6415
8664,231,23,0.4069
8665,231,23,0.8112
8666,231,23,0.7455
8667,231,23,0.3936
8668,231,23,0.9186
8669,231,23,0.7613
8670,231,23,0.8964
8671,231,23,0.8632
8672,231,23,0.1411
8673,231,23,0.3057
7111,227,17,0.2738
7112,227,17,0.6133
7986,229,23,0.5355
7987,229,23,0.9033
7988,229,23,0.8824
7989,229,23,0.4236
7990,229,23,0.9681
7991,229,23,0.9801
7992,229,23,0.7981
7993,229,23,0.8869
7994,229,23,0.9781
7995,229,23,0.9066
8486,230,43,0.9413
8487,230,43,0.9523
8488,230,43,0.6488
8489,230,43,0.8966
8490,230,43,0.9764
8491,230,43,0.9872
8492,230,43,0.7912
8493,230,43,0.7729
8494,230,43,0.2610
8495,230,43,0.8825
8674,231,23,0.9325
8675,231,23,0.9747
8676,231,23,0.4860
8677,231,23,0.9699
8678,231,23,0.4908
8679,231,23,0.9651
8680,231,23,0.9922
8681,231,23,0.9947
8682,231,23,0.9953
8683,231,23,0.9942
7113,227,17,0.9658
7114,227,17,0.9792
7115,227,17,0.9804
7116,227,17,0.5422
7117,227,17,0.2533
7996,229,23,0.5996
8496,230,17,0.7464
8497,230,17,0.4331
8498,230,17,0.5640
8684,231,23,0.7945
8685,231,23,0.6947
8686,231,23,0.1845
8687,231,23,0.9769
8688,231,23,0.6897
8689,231,23,0.8699
8690,231,23,0.9691
8691,231,23,0.3527
8692,231,23,0.9686
8693,231,23,0.7059
7118,227,17,0.4550
7119,227,17,0.7152
7997,229,23,0.6907
7998,229,23,0.9740
7999,229,23,0.5647
8000,229,23,0.9829
8001,229,23,0.5568
8002,229,23,0.2718
8003,229,23,0.7191
8499,230,17,0.7823
8500,230,17,0.5345
8501,230,17,0.2014
8694,231,107,0.9749
8695,231,107,0.0441
8696,231,107,0.9665
8697,231,107,0.9899
8698,231,107,0.8865
8699,231,107,0.9802
8700,231,107,0.9742
8701,231,107,0.6365
8702,231,107,0.8986
8703,231,107,0.9364
7120,227,17,0.6844
7121,227,17,0.6348
7122,227,17,0.8705
7123,227,17,0.8014
7124,227,17,0.9804
7125,227,17,0.1535
7126,227,17,0.4102
7127,227,17,0.4443
7128,227,17,0.5712
7129,227,17,0.9804
8004,229,23,0.7006
8005,229,23,0.0321
8006,229,23,0.9865
8007,229,23,0.9848
8008,229,23,0.9745
8009,229,23,0.9870
8010,229,23,0.5610
8011,229,23,0.4374
8012,229,23,0.8255
8013,229,23,0.8288
8502,230,17,0.5705
8503,230,17,0.9658
8504,230,17,0.9821
8505,230,17,0.8393
8506,230,17,0.8336
8507,230,17,0.2204
8704,231,107,0.9570
8705,231,107,0.9067
8706,231,107,0.9547
8707,231,107,0.9799
8708,231,107,0.9758
8709,231,107,0.9622
8710,231,107,0.9525
8711,231,107,0.9170
8712,231,107,0.3956
8713,231,107,0.7081
7130,227,17,0.2972
7131,227,17,0.7222
8014,229,23,0.5236
8015,229,23,0.3074
8016,229,23,0.7004
8508,230,17,0.8874
8509,230,17,0.4938
8510,230,17,0.9791
8511,230,17,0.7392
8512,230,17,0.2372
8513,230,17,0.1658
8714,231,43,0.5771
8715,231,43,0.8185
8716,231,43,0.2387
8717,231,43,0.1468
8718,231,43,0.9207
8719,231,43,0.9916
8720,231,43,0.9954
8721,231,43,0.9957
8722,231,43,0.9897
8723,231,43,0.9952
7132,227,17,0.8465
7133,227,17,0.9735
7134,227,17,0.9832
7135,227,17,0.9842
7136,227,17,0.9328
7137,227,17,0.5145
7138,227,17,0.8652
7139,227,17,0.9725
7140,227,17,0.9366
7141,227,17,0.9569
8017,229,23,0.9298
8018,229,23,0.7747
8019,229,23,0.3884
8020,229,23,0.7881
8021,229,23,0.9577
8022,229,23,0.9822
8023,229,23,0.9933
8024,229,23,0.9944
8025,229,23,0.9965
8026,229,23,0.9969
8514,230,17,0.9685
8515,230,17,0.9557
8516,230,17,0.8215
8724,231,43,0.9380
8725,231,43,0.9886
8726,231,43,0.9897
8727,231,43,0.9665
8728,231,43,0.6234
8729,231,43,0.9841
8730,231,43,0.5100
8731,231,43,0.9277
8732,231,43,0.9783
8733,231,43,0.8230
7142,227,17,0.9701
7143,227,17,0.6885
7144,227,17,0.1970
8027,229,23,0.6784
8028,229,23,0.8510
8029,229,23,0.8564
8030,229,23,0.8511
8031,229,23,0.6098
8032,229,23,0.9834
8033,229,23,0.9826
8034,229,23,0.0841
8035,229,23,0.1519
8036,229,23,0.3985
8517,230,17,0.9499
8518,230,17,0.9804
8519,230,17,0.0758
8520,230,17,0.8029
8521,230,17,0.3392
8734,231,43,0.4352
8735,231,43,0.2943
8736,231,43,0.9736
8737,231,43,0.2630
8738,231,43,0.0935
8739,231,43,0.9409
8740,231,43,0.9920
8741,231,43,0.9951
8742,231,43,0.9962
8743,231,43,0.9951
7145,227,17,0.9032
7146,227,17,0.4432
7147,227,17,0.8037
7148,227,17,0.9721
7149,227,17,0.8073
7150,227,17,0.4145
7151,227,17,0.4206
7152,227,17,0.2669
7153,227,17,0.5130
7154,227,17,0.6443
8037,229,23,0.8364
8038,229,23,0.5118
8039,229,23,0.6643
8040,229,23,0.3142
8041,229,23,0.1749
8042,229,23,0.9328
8043,229,23,0.9730
8044,229,23,0.9888
8045,229,23,0.9869
8046,229,23,0.9945
8522,230,17,0.6031
8523,230,17,0.7457
8744,231,43,0.9541
8745,231,43,0.5225
8746,231,43,0.5888
8747,231,43,0.7652
8748,231,43,0.8419
8749,231,43,0.1328
8750,231,43,0.8368
8751,231,43,0.9543
8752,231,43,0.9727
8753,231,43,0.9936
7155,227,17,0.8894
7156,227,17,0.0139
7157,227,17,0.0416
7158,227,17,0.1716
7159,227,17,0.2732
7160,227,17,0.3542
7161,227,17,0.2918
7162,227,17,0.7982
7163,227,17,0.7071
7164,227,17,0.1546
8047,229,23,0.7972
8048,229,23,0.1265
8049,229,23,0.8262
8050,229,23,0.9649
8051,229,23,0.9701
8052,229,23,0.2606
8053,229,23,0.8851
8054,229,23,0.6743
8055,229,23,0.5236
8056,229,23,0.9389
8524,230,17,0.8180
8525,230,17,0.1060
8526,230,17,0.6761
8527,230,17,0.9225
8528,230,17,0.7214
8529,230,17,0.3726
8754,231,43,0.5597
8755,231,43,0.9559
8756,231,43,0.9515
8757,231,43,0.9590
8758,231,43,0.8218
8759,231,43,0.8884
8760,231,43,0.3201
8761,231,43,0.8665
8762,231,43,0.7641
8763,231,43,0.5737
7165,227,17,0.7083
7166,227,17,0.1508
7167,227,17,0.8116
7168,227,17,0.8691
7169,227,17,0.9152
7170,227,17,0.0478
7171,227,17,0.5425
7172,227,17,0.1626
7173,227,17,0.3955
7174,227,17,0.7446
8057,229,107,0.7229
8058,229,107,0.5615
8059,229,107,0.1874
8060,229,107,0.3240
8061,229,107,0.8512
8062,229,107,0.9793
8063,229,107,0.9793
8064,229,107,0.9903
8065,229,107,0.9876
8066,229,107,0.9908
8530,230,17,0.4211
8531,230,17,0.8344
8764,231,17,0.6638
8765,231,17,0.7433
8766,231,17,0.6881
8767,231,17,0.9667
8768,231,17,0.9859
8769,231,17,0.9928
8770,231,17,0.9962
8771,231,17,0.9969
8772,231,17,0.9962
8773,231,17,0.9957
7175,227,17,0.9488
7176,227,17,0.8008
7177,227,17,0.9636
7178,227,17,0.9760
7179,227,17,0.1727
7180,227,17,0.9579
7181,227,17,0.1704
7182,227,17,0.3295
7183,227,17,0.3297
7184,227,17,0.5222
8067,229,107,0.8096
8068,229,107,0.6849
8069,229,107,0.7140
8070,229,107,0.8743
8071,229,107,0.9583
8072,229,107,0.9891
8073,229,107,0.9913
8074,229,107,0.9908
8075,229,107,0.9957
8076,229,107,0.9971
8532,230,17,0.4240
8533,230,17,0.6872
8774,231,17,0.7573
8775,231,17,0.4162
8776,231,17,0.9509
8777,231,17,0.5375
8778,231,17,0.6728
8779,231,17,0.9809
8780,231,17,0.9907
8781,231,17,0.9919
8782,231,17,0.9929
8783,231,17,0.9931
7185,227,17,0.1993
7186,227,17,0.6593
7187,227,17,0.5682
7188,227,17,0.3189
7189,227,17,0.7757
7190,227,17,0.8207
7191,227,17,0.0694
7192,227,17,0.5360
7193,227,17,0.4213
7194,227,17,0.4887
8077,229,107,0.0438
8078,229,107,0.8248
8079,229,107,0.6894
8080,229,107,0.8101
8081,229,107,0.8898
8082,229,107,0.9460
8083,229,107,0.9815
8084,229,107,0.9910
8085,229,107,0.9895
8086,229,107,0.9930
8534,230,17,0.7504
8535,230,17,0.7485
8536,230,17,0.2351
8537,230,17,0.4412
8538,230,17,0.1381
8784,231,17,0.2362
8785,231,17,0.5436
8786,231,17,0.9492
8787,231,17,0.4446
8788,231,17,0.8407
8789,231,17,0.9691
8790,231,17,0.9907
8791,231,17,0.9946
8792,231,17,0.9947
8793,231,17,0.9949
7195,227,17,0.8487
7196,227,17,0.2507
7197,227,17,0.6000
7198,227,17,0.4965
7199,227,17,0.6624
7200,227,17,0.8813
7201,227,17,0.0521
7202,227,17,0.4945
7203,227,17,0.5727
7204,227,17,0.9026
8087,229,107,0.8547
8088,229,107,0.8416
8089,229,107,0.9712
8090,229,107,0.9777
8091,229,107,0.9815
8092,229,107,0.9837
8093,229,107,0.8969
8094,229,107,0.9838
8095,229,107,0.8104
8096,229,107,0.3028
8539,230,17,0.7934
8540,230,17,0.6712
8794,231,17,0.5910
8795,231,17,0.9856
8796,231,17,0.4501
8797,231,17,0.9780
8798,231,17,0.5732
8799,231,17,0.4717
8800,231,17,0.8455
8801,231,17,0.9752
8802,231,17,0.9917
8803,231,17,0.9939
7205,227,17,0.5386
7206,227,17,0.6382
7207,227,17,0.3365
7208,227,17,0.4536
7209,227,17,0.2059
7210,227,17,0.3863
7211,227,17,0.4616
7212,227,17,0.6811
7213,227,17,0.9498
7214,227,17,0.1210
8097,229,107,0.9022
8098,229,107,0.9485
8099,229,107,0.5517
8100,229,107,0.0314
8101,229,107,0.8819
8102,229,107,0.9759
8103,229,107,0.9941
8104,229,107,0.9958
8105,229,107,0.9957
8106,229,107,0.9944
8541,230,17,0.6860
8542,230,17,0.1366
8543,230,17,0.3146
8544,230,17,0.3221
8804,231,17,0.9504
8805,231,17,0.6326
8806,231,17,0.8997
8807,231,17,0.9499
8808,231,17,0.8771
8809,231,17,0.9242
8810,231,17,0.4228
8811,231,17,0.6984
8812,231,17,0.2315
8813,231,17,0.9308
7215,227,17,0.9748
7216,227,17,0.9881
7217,227,17,0.9547
7218,227,17,0.0457
7219,227,17,0.3376
7220,227,17,0.1030
8107,229,107,0.9249
8108,229,107,0.8437
8109,229,107,0.9470
8110,229,107,0.8780
8111,229,107,0.5731
8112,229,107,0.1782
8113,229,107,0.6388
8114,229,107,0.7617
8115,229,107,0.9631
8116,229,107,0.9817
8545,230,17,0.8849
8546,230,17,0.9695
8547,230,17,0.7108
8548,230,17,0.8203
8549,230,17,0.5717
8550,230,17,0.9619
8551,230,17,0.3940
8552,230,17,0.8809
8553,230,17,0.8131
8554,230,17,0.0251
8814,231,17,0.8004
8815,231,17,0.3054
8816,231,17,0.4528
8817,231,17,0.6777
8818,231,17,0.8901
8819,231,17,0.5490
8820,231,17,0.8909
8821,231,17,0.9858
8822,231,17,0.9949
8823,231,17,0.9952
7221,227,17,0.7961
7222,227,17,0.9743
7223,227,17,0.9584
7224,227,17,0.9421
7225,227,17,0.9805
7226,227,17,0.6834
7227,227,17,0.4052
7228,227,17,0.7682
8117,229,107,0.8500
8118,229,107,0.9143
8119,229,107,0.9545
8120,229,107,0.9806
8121,229,107,0.4902
8122,229,107,0.6242
8123,229,107,0.2987
8124,229,107,0.1844
8125,229,107,0.7878
8126,229,107,0.9587
8555,230,17,0.9450
8556,230,17,0.9850
8557,230,17,0.6616
8558,230,17,0.9720
8559,230,17,0.7693
8560,230,17,0.7710
8561,230,17,0.6791
8562,230,17,0.5604
8563,230,17,0.5955
8564,230,17,0.3675
8824,231,17,0.9193
8825,231,17,0.9889
8826,231,17,0.9461
8827,231,17,0.5532
8828,231,17,0.9674
8829,231,17,0.9786
8830,231,17,0.5541
8831,231,17,0.7574
8832,231,17,0.3007
8833,231,17,0.3955
7229,227,17,0.9507
7230,227,17,0.8226
7231,227,17,0.9515
7232,227,17,0.5181
7233,227,17,0.3519
8127,229,107,0.3481
8128,229,107,0.9567
8129,229,107,0.6770
8130,229,107,0.9585
8131,229,107,0.9829
8132,229,107,0.9938
8133,229,107,0.9965
8134,229,107,0.9940
8135,229,107,0.9951
8136,229,107,0.9972
8565,230,93,0.3892
8566,230,93,0.9508
8567,230,93,0.9709
8568,230,93,0.9806
8569,230,93,0.9679
8570,230,93,0.9675
8571,230,93,0.6788
8572,230,93,0.9723
8573,230,93,0.9626
8834,231,17,0.6687
8835,231,17,0.9539
8836,231,17,0.5344
8837,231,17,0.3412
8838,231,17,0.7837
8839,231,17,0.1507
8840,231,17,0.3891
8841,231,17,0.7855
8842,231,17,0.9528
8843,231,17,0.9917
7234,227,17,0.2701
7235,227,17,0.4225
8137,229,107,0.8008
8138,229,107,0.9685
8139,229,107,0.3177
8140,229,107,0.9563
8141,229,107,0.9789
8142,229,107,0.9925
8143,229,107,0.9565
8144,229,107,0.9810
8145,229,107,0.9840
8844,231,17,0.2813
8845,231,17,0.4187
8846,231,17,0.8924
8847,231,17,0.7096
8848,231,17,0.9506
8849,231,17,0.9862
8850,231,17,0.9872
8851,231,17,0.9468
8852,231,17,0.9881
8853,231,17,0.5266
8884,232,132,0.1971
8885,232,132,0.2480
8886,232,132,0.6530
8887,232,132,0.4541
7236,227,17,0.8485
7237,227,17,0.5547
7238,227,17,0.7316
7239,227,17,0.4430
7240,227,17,0.7985
7241,227,17,0.7177
7242,227,17,0.9079
7243,227,17,0.7452
7244,227,17,0.5269
8146,229,43,0.8724
8147,229,43,0.9111
8148,229,43,0.6764
8149,229,43,0.8475
8150,229,43,0.3958
8151,229,43,0.2669
8152,229,43,0.3465
8153,229,43,0.8058
8154,229,43,0.9906
8155,229,43,0.9733
8854,231,17,0.8069
8855,231,17,0.8725
8856,231,17,0.4941
8857,231,17,0.1618
8858,231,17,0.4572
8859,231,17,0.8076
8860,231,17,0.9129
8861,231,17,0.9777
8862,231,17,0.8827
8863,231,17,0.9687
8888,232,132,0.8941
8889,232,132,0.7035
8890,232,132,0.4096
8891,232,132,0.4780
8892,232,132,0.6073
8893,232,132,0.9465
8894,232,132,0.9814
8895,232,132,0.9911
8896,232,132,0.9895
8897,232,132,0.9594
7245,227,17,0.2679
7246,227,17,0.8521
8156,229,43,0.4986
8157,229,43,0.3912
8158,229,43,0.9394
8159,229,43,0.9651
8160,229,43,0.9918
8161,229,43,0.9946
8162,229,43,0.9952
8163,229,43,0.9918
8164,229,43,0.9953
8165,229,43,0.9954
8864,231,93,0.4882
8865,231,93,0.9801
8866,231,93,0.3045
8867,231,93,0.7267
8868,231,93,0.8381
8869,231,93,0.9721
8870,231,93,0.9861
8871,231,93,0.9658
8872,231,93,0.9763
8873,231,93,0.9867
8898,232,23,0.9604
8899,232,23,0.9784
8900,232,23,0.9858
8901,232,23,0.9415
8902,232,23,0.8203
8903,232,23,0.9521
8904,232,23,0.9811
8905,232,23,0.6501
8906,232,23,0.0288
8907,232,23,0.8533
7247,227,17,0.8597
7248,227,17,0.5452
7249,227,17,0.8352
7250,227,17,0.5902
7251,227,17,0.5470
7252,227,17,0.8646
7253,227,17,0.5342
7254,227,17,0.4920
7255,227,17,0.7561
8166,229,43,0.9124
8167,229,43,0.9789
8168,229,43,0.9662
8169,229,43,0.8472
8170,229,43,0.9742
8171,229,43,0.9148
8172,229,43,0.5552
8173,229,43,0.9721
8174,229,43,0.9885
8874,231,17,0.1603
8875,231,17,0.4237
8876,231,17,0.9545
8877,231,17,0.9708
8878,231,17,0.8345
8879,231,17,0.7999
8880,231,17,0.7518
8881,231,17,0.9726
8882,231,17,0.9939
8883,231,17,0.9944
8908,232,107,0.9157
8909,232,107,0.5171
8910,232,107,0.9572
8911,232,107,0.8363
8912,232,107,0.8195
8913,232,107,0.9167
8914,232,107,0.9880
8915,232,107,0.9549
8916,232,107,0.1366
8917,232,107,0.9510
7256,227,17,0.9438
7257,227,17,0.9883
7258,227,17,0.4710
8175,229,17,0.6199
8176,229,17,0.7118
8177,229,17,0.7696
8178,229,17,0.9646
8179,229,17,0.9857
8180,229,17,0.9944
8181,229,17,0.9960
8182,229,17,0.9951
8183,229,17,0.9960
8184,229,17,0.9971
8918,232,43,0.4908
8919,232,43,0.9004
8920,232,43,0.8926
8921,232,43,0.6759
8922,232,43,0.9771
8923,232,43,0.9789
8924,232,43,0.9823
8925,232,43,0.9826
8926,232,43,0.9882
8927,232,43,0.9717
8967,233,132,0.7343
8968,233,132,0.0598
8969,233,132,0.9493
8970,233,132,0.9755
8971,233,132,0.9772
8972,233,132,0.6626
8973,233,132,0.8792
8974,233,132,0.9766
8975,233,132,0.9820
8976,233,132,0.9883
7259,227,17,0.8572
7260,227,17,0.5083
7261,227,17,0.6581
8185,229,17,0.6439
8186,229,17,0.6854
8187,229,17,0.8287
8188,229,17,0.9750
8189,229,17,0.9858
8190,229,17,0.9931
8191,229,17,0.9944
8192,229,17,0.9954
8193,229,17,0.9962
8194,229,17,0.9972
8928,232,43,0.9767
8929,232,43,0.9464
8930,232,43,0.8356
8931,232,43,0.9233
8932,232,43,0.8545
8933,232,43,0.5416
8934,232,43,0.9729
8935,232,43,0.9882
8936,232,43,0.9310
8977,233,132,0.4887
8978,233,132,0.0553
8979,233,132,0.1172
7262,227,17,0.4106
7263,227,17,0.5688
8195,229,17,0.6965
8196,229,17,0.6958
8197,229,17,0.3894
8198,229,17,0.7401
8199,229,17,0.4864
8200,229,17,0.8210
8201,229,17,0.9168
8202,229,17,0.9725
8203,229,17,0.9899
8204,229,17,0.9937
8937,232,17,0.4036
8938,232,17,0.3820
8939,232,17,0.7409
8940,232,17,0.7479
8941,232,17,0.7704
8942,232,17,0.9721
8943,232,17,0.9879
8944,232,17,0.9862
8945,232,17,0.6160
8946,232,17,0.9428
8980,233,132,0.8048
8981,233,132,0.9834
8982,233,132,0.9163
8983,233,132,0.3835
8984,233,132,0.4525
7264,227,17,0.7564
7265,227,17,0.7225
7266,227,17,0.8236
8205,229,17,0.7760
8206,229,17,0.9392
8207,229,17,0.6332
8208,229,17,0.9522
8209,229,17,0.9517
8210,229,17,0.3880
8211,229,17,0.7209
8212,229,17,0.9596
8213,229,17,0.9854
8214,229,17,0.9895
8947,232,17,0.9276
8948,232,17,0.9711
8949,232,17,0.4348
8950,232,17,0.4384
8951,232,17,0.7960
8952,232,17,0.9451
8953,232,17,0.9626
8954,232,17,0.9841
8955,232,17,0.7710
8956,232,17,0.9374
8985,233,132,0.8573
8986,233,132,0.8467
8987,233,132,0.2268
8988,233,132,0.5453
7267,227,17,0.6887
7268,227,17,0.0924
8215,229,17,0.7059
8216,229,17,0.4213
8217,229,17,0.9114
8218,229,17,0.8264
8219,229,17,0.9205
8220,229,17,0.4713
8957,232,93,0.9472
8958,232,93,0.9590
8959,232,93,0.9581
8960,232,93,0.7155
8961,232,93,0.8606
8962,232,93,0.8357
8963,232,93,0.9597
8964,232,93,0.6598
8965,232,93,0.8969
8966,232,93,0.8763
8989,233,132,0.8877
8990,233,132,0.8338
8991,233,132,0.3363
8992,233,132,0.1919
7269,227,17,0.6849
7270,227,17,0.6365
8221,229,17,0.5901
8222,229,17,0.9793
8223,229,17,0.9548
8224,229,17,0.1744
8225,229,17,0.3968
8226,229,17,0.6669
8227,229,17,0.9273
8228,229,17,0.9817
8229,229,17,0.9924
8230,229,17,0.9940
8993,233,132,0.0171
8994,233,132,0.3714
9239,234,132,0.9132
9240,234,132,0.9331
9241,234,132,0.3016
9242,234,132,0.8364
9243,234,132,0.5359
9244,234,132,0.8588
9245,234,132,0.9403
9246,234,132,0.8445
9247,234,132,0.7812
9248,234,132,0.9670
7271,227,17,0.1424
7272,227,17,0.8535
8231,229,17,0.4764
8232,229,17,0.1332
8233,229,17,0.9632
8234,229,17,0.9664
8235,229,17,0.9858
8236,229,17,0.9948
8237,229,17,0.9959
8238,229,17,0.9960
8239,229,17,0.9960
8240,229,17,0.9955
8995,233,132,0.4855
8996,233,132,0.8565
9249,234,132,0.9451
9250,234,132,0.2312
9251,234,132,0.8137
9252,234,132,0.6284
9253,234,132,0.9657
9254,234,132,0.9838
9255,234,132,0.9842
9256,234,132,0.9883
9257,234,132,0.1361
9258,234,132,0.9607
7273,227,17,0.9416
7274,227,17,0.4437
7275,227,17,0.9702
7276,227,17,0.9303
7277,227,17,0.8530
7278,227,17,0.7163
7279,227,17,0.6833
8241,229,17,0.6876
8242,229,17,0.9228
8243,229,17,0.6125
8244,229,17,0.9768
8245,229,17,0.9636
8246,229,17,0.9816
8247,229,17,0.1474
8248,229,17,0.0501
8249,229,17,0.6989
8250,229,17,0.8894
8997,233,132,0.9265
8998,233,132,0.9244
8999,233,132,0.1242
9000,233,132,0.8333
9259,234,23,0.9245
9260,234,23,0.8452
7280,227,17,0.6242
7281,227,17,0.1549
7282,227,17,0.9801
7283,227,17,0.9819
7284,227,17,0.9835
7285,227,17,0.9888
7286,227,17,0.9656
7287,227,17,0.9883
7288,227,17,0.9727
7289,227,17,0.4408
8251,229,17,0.4926
8252,229,17,0.7276
9001,233,132,0.9135
9002,233,132,0.6224
9003,233,132,0.6680
9004,233,132,0.7476
9261,234,23,0.6317
9262,234,23,0.9399
9263,234,23,0.8332
9264,234,23,0.9722
9265,234,23,0.7183
7290,227,17,0.6404
7291,227,17,0.5606
7292,227,17,0.8097
8253,229,17,0.8973
8254,229,17,0.0296
8255,229,17,0.6788
8256,229,17,0.6100
8257,229,17,0.8090
8258,229,17,0.9745
8259,229,17,0.9892
8260,229,17,0.9947
8261,229,17,0.9965
8262,229,17,0.9969
9005,233,132,0.8974
9006,233,132,0.9482
9007,233,132,0.5036
9008,233,132,0.2397
9266,234,23,0.9136
9267,234,23,0.9846
9268,234,23,0.9830
9269,234,23,0.5886
9270,234,23,0.8868
9271,234,23,0.7291
9272,234,23,0.1907
9273,234,23,0.4934
9274,234,23,0.2553
7293,227,17,0.5635
7294,227,17,0.7301
8263,229,17,0.4559
8264,229,17,0.3694
8265,229,17,0.8749
8266,229,17,0.8877
8267,229,17,0.8451
8268,229,17,0.9788
8269,229,17,0.9905
8270,229,17,0.9924
8271,229,17,0.9900
8272,229,17,0.9928
9009,233,132,0.8300
9010,233,132,0.9798
9011,233,132,0.3207
9012,233,132,0.9775
9013,233,132,0.9653
9014,233,132,0.8721
9015,233,132,0.9793
9016,233,132,0.9730
9017,233,132,0.9557
9018,233,132,0.8045
9275,234,23,0.5648
9276,234,23,0.1763
9277,234,23,0.7792
9278,234,23,0.4304
7295,227,93,0.4795
8273,229,17,0.8735
8274,229,17,0.6941
8275,229,17,0.7978
8276,229,17,0.8407
8277,229,17,0.8762
8278,229,17,0.9694
8279,229,17,0.6753
8280,229,17,0.6299
8281,229,17,0.5292
8282,229,17,0.5860
9019,233,132,0.7981
9020,233,132,0.7097
9021,233,132,0.5947
9279,234,23,0.9111
9280,234,23,0.9452
9281,234,23,0.6196
9282,234,23,0.9309
9283,234,23,0.8489
7296,227,93,0.4607
7297,227,93,0.9824
7298,227,93,0.9242
7299,227,93,0.9822
7300,227,93,0.9948
7301,227,93,0.9957
7302,227,93,0.9957
7303,227,93,0.9951
7304,227,93,0.9958
7305,227,93,0.9954
8283,229,17,0.5794
8284,229,17,0.2553
8285,229,17,0.4234
9022,233,132,0.8514
9023,233,132,0.8871
9024,233,132,0.9662
9025,233,132,0.8473
9026,233,132,0.9760
9027,233,132,0.9822
9028,233,132,0.9576
9029,233,132,0.9168
9030,233,132,0.7540
9031,233,132,0.8815
9284,234,23,0.8664
9285,234,23,0.9618
9286,234,23,0.9858
9287,234,23,0.7670
9288,234,23,0.9334
9289,234,23,0.6329
9290,234,23,0.7981
7306,227,17,0.6364
7307,227,17,0.7229
8286,229,17,0.7799
8287,229,17,0.6103
8288,229,17,0.5747
8289,229,17,0.7279
8290,229,17,0.9502
8291,229,17,0.9529
8292,229,17,0.9899
8293,229,17,0.9946
8294,229,17,0.9962
8295,229,17,0.9968
9032,233,132,0.9031
9033,233,132,0.9810
9034,233,132,0.9706
9035,233,132,0.9818
9036,233,132,0.9885
9037,233,132,0.0791
9038,233,132,0.9640
9291,234,23,0.7513
9292,234,23,0.6183
7308,227,17,0.2096
7309,227,17,0.4053
7310,227,17,0.0296
8296,229,17,0.7511
8297,229,17,0.7128
8298,229,17,0.3706
9039,233,132,0.9549
9040,233,132,0.9791
9041,233,132,0.9709
9042,233,132,0.4902
9043,233,132,0.0932
9293,234,23,0.9255
9294,234,23,0.9096
7311,227,17,0.6962
7312,227,17,0.2359
7313,227,17,0.4130
7314,227,17,0.4302
7315,227,17,0.5246
7316,227,17,0.8648
7317,227,17,0.8560
7318,227,17,0.9155
7319,227,17,0.5837
7320,227,17,0.8885
8299,229,17,0.8593
8300,229,17,0.9746
8301,229,17,0.9781
8302,229,17,0.9661
8303,229,17,0.9170
8304,229,17,0.9864
8305,229,17,0.3528
8306,229,17,0.8587
8307,229,17,0.3635
8308,229,17,0.8506
9044,233,132,0.9091
9045,233,132,0.9637
9046,233,132,0.9829
9047,233,132,0.2234
9048,233,132,0.8321
9049,233,132,0.9823
9050,233,132,0.9863
9051,233,132,0.8077
9052,233,132,0.9859
9053,233,132,0.8891
9295,234,23,0.6656
9296,234,23,0.9709
9297,234,23,0.0209
9298,234,23,0.2405
9299,234,23,0.8770
9300,234,23,0.4387
9301,234,23,0.0643
7321,227,17,0.2389
7322,227,17,0.2083
7323,227,17,0.6107
7324,227,17,0.1161
7325,227,17,0.3237
7326,227,17,0.7972
7327,227,17,0.9120
7328,227,17,0.8785
7329,227,17,0.9200
7330,227,17,0.8872
8309,229,17,0.8816
8310,229,17,0.8023
8311,229,17,0.5780
8312,229,17,0.8317
8313,229,17,0.9644
8314,229,17,0.9889
8315,229,17,0.9944
8316,229,17,0.9953
8317,229,17,0.9965
8318,229,17,0.9967
9054,233,23,0.6483
9055,233,23,0.7605
9056,233,23,0.5997
9057,233,23,0.3010
9058,233,23,0.7579
9059,233,23,0.5897
9060,233,23,0.9831
9061,233,23,0.7931
9062,233,23,0.3144
9063,233,23,0.1284
9302,234,23,0.5649
9303,234,23,0.9460
9304,234,23,0.1678
9305,234,23,0.9415
9306,234,23,0.9821
9307,234,23,0.9718
9308,234,23,0.8974
9309,234,23,0.5930
9310,234,23,0.9504
7331,227,17,0.0938
7332,227,17,0.9121
7333,227,17,0.0379
7334,227,17,0.0513
7335,227,17,0.3390
7336,227,17,0.7458
7337,227,17,0.2678
7338,227,17,0.2980
7339,227,17,0.7412
7340,227,17,0.3746
8319,229,17,0.4331
8320,229,17,0.5259
8321,229,17,0.5478
8322,229,17,0.9494
8323,229,17,0.9778
8324,229,17,0.9916
8325,229,17,0.9949
8326,229,17,0.9960
8327,229,17,0.9973
8328,229,17,0.9975
9064,233,23,0.8762
9065,233,23,0.7699
9066,233,23,0.5342
9311,234,107,0.9203
9312,234,107,0.4446
9313,234,107,0.9878
9314,234,107,0.8930
9315,234,107,0.9757
9316,234,107,0.9206
9317,234,107,0.9865
9318,234,107,0.9828
9319,234,107,0.9900
7341,227,17,0.6083
7342,227,17,0.9539
7343,227,17,0.3813
7344,227,17,0.5802
7345,227,17,0.8889
7346,227,17,0.9042
7347,227,17,0.8938
7348,227,17,0.9236
7349,227,17,0.8446
7350,227,17,0.8848
8329,229,17,0.8539
8330,229,17,0.9090
8331,229,17,0.4305
9067,233,23,0.3549
9068,233,23,0.7232
9320,234,43,0.7923
9321,234,43,0.9695
9322,234,43,0.6882
9323,234,43,0.9484
9324,234,43,0.9621
9325,234,43,0.6603
9326,234,43,0.3546
9327,234,43,0.1424
7351,227,17,0.4530
7352,227,17,0.5998
7353,227,17,0.9745
7354,227,17,0.6369
7355,227,17,0.4418
7356,227,17,0.7332
7357,227,17,0.9117
7358,227,17,0.8801
7359,227,17,0.9351
7360,227,17,0.8994
8332,229,17,0.7531
8333,229,17,0.7299
8334,229,17,0.6832
8335,229,17,0.9498
8336,229,17,0.9828
8337,229,17,0.9899
8338,229,17,0.9949
8339,229,17,0.9943
8340,229,17,0.9967
8341,229,17,0.9920
9069,233,23,0.6585
9070,233,23,0.5873
9071,233,23,0.3459
9072,233,23,0.9342
9073,233,23,0.8578
9074,233,23,0.9686
9075,233,23,0.9736
9076,233,23,0.1036
9077,233,23,0.9661
9078,233,23,0.0203
9328,234,43,0.6964
9329,234,43,0.6645
7361,227,17,0.5563
7362,227,17,0.2392
7363,227,17,0.4500
7364,227,17,0.2782
7365,227,17,0.4921
7366,227,17,0.4807
7367,227,17,0.4903
7368,227,17,0.4948
7369,227,17,0.7185
7370,227,17,0.9003
8342,229,17,0.4041
8343,229,17,0.6632
8344,229,17,0.4763
8345,229,17,0.9399
8346,229,17,0.9759
8347,229,17,0.9918
8348,229,17,0.9951
8349,229,17,0.9966
8350,229,17,0.9970
8351,229,17,0.9966
9079,233,23,0.8082
9080,233,23,0.8835
9081,233,23,0.0302
9082,233,23,0.7450
9083,233,23,0.6672
9084,233,23,0.7250
9085,233,23,0.8657
9330,234,43,0.3894
9331,234,43,0.8321
9332,234,43,0.9465
9333,234,43,0.8456
9334,234,43,0.1283
9335,234,43,0.5756
7371,227,17,0.1695
7372,227,17,0.4910
7373,227,17,0.3955
7374,227,17,0.7029
7375,227,17,0.9051
7376,227,17,0.8246
7377,227,17,0.9265
7378,227,17,0.8193
7379,227,17,0.9210
7380,227,17,0.8540
8352,229,17,0.5670
8353,229,17,0.1696
8354,229,17,0.5017
8355,229,17,0.9789
8356,229,17,0.9939
8357,229,17,0.9950
8358,229,17,0.9952
8359,229,17,0.9950
8360,229,17,0.9957
8361,229,17,0.9959
9086,233,23,0.5823
9087,233,23,0.9807
9088,233,23,0.9840
9089,233,23,0.9797
9090,233,23,0.1590
9091,233,23,0.8697
9092,233,23,0.9807
9093,233,23,0.9715
9094,233,23,0.0300
9095,233,23,0.8666
9336,234,43,0.9191
9337,234,43,0.9824
9338,234,43,0.9875
9339,234,43,0.7338
9340,234,43,0.9247
9341,234,43,0.9331
9342,234,43,0.6207
9343,234,43,0.9473
9344,234,43,0.9209
9345,234,43,0.5194
7381,227,17,0.2866
7382,227,17,0.1928
7383,227,17,0.3998
7384,227,17,0.2395
7385,227,17,0.5389
7386,227,17,0.6461
7387,227,17,0.8994
7388,227,17,0.7126
7389,227,17,0.9123
7390,227,17,0.8749
8362,229,17,0.6483
8363,229,17,0.6797
8364,229,17,0.7981
8365,229,17,0.9501
8366,229,17,0.9727
8367,229,17,0.9675
8368,229,17,0.9721
8369,229,17,0.7000
8370,229,17,0.8176
8371,229,17,0.7836
9096,233,23,0.9557
9097,233,23,0.9866
9098,233,23,0.9870
9099,233,23,0.9890
9100,233,23,0.9886
9101,233,23,0.6209
9102,233,23,0.6306
9346,234,43,0.8349
9347,234,43,0.7161
9348,234,43,0.9423
9349,234,43,0.9326
9350,234,43,0.2739
7391,227,17,0.7602
7392,227,17,0.8248
7393,227,17,0.9763
7394,227,17,0.9718
7395,227,17,0.5088
7396,227,17,0.4024
7397,227,17,0.5737
7398,227,17,0.4323
7399,227,17,0.8719
7400,227,17,0.9165
8372,229,17,0.5873
8373,229,17,0.8565
8374,229,17,0.9791
8375,229,17,0.9800
8376,229,17,0.9874
8377,229,17,0.9878
8378,229,17,0.8161
8379,229,17,0.1694
8380,229,17,0.9761
8381,229,17,0.9827
9103,233,23,0.5893
9104,233,23,0.9821
9105,233,23,0.8966
9106,233,23,0.0191
9107,233,23,0.9280
9108,233,23,0.9684
9109,233,23,0.4427
9110,233,23,0.5774
9111,233,23,0.8695
9112,233,23,0.9773
9351,234,43,0.9075
9352,234,43,0.9765
9353,234,43,0.8037
9354,234,43,0.9818
9355,234,43,0.9886
9356,234,43,0.9874
9357,234,43,0.9769
9358,234,43,0.7189
9359,234,43,0.9642
9360,234,43,0.3633
7401,227,17,0.6094
7402,227,17,0.8070
7403,227,17,0.5582
7404,227,17,0.4468
7405,227,17,0.8756
7406,227,17,0.9154
7407,227,17,0.8758
7408,227,17,0.9373
7409,227,17,0.8923
7410,227,17,0.9263
8382,229,93,0.8773
8383,229,93,0.9373
8384,229,93,0.7513
8385,229,93,0.7292
8386,229,93,0.9410
8387,229,93,0.9874
8388,229,93,0.9909
8389,229,93,0.9961
8390,229,93,0.9959
8391,229,93,0.9968
9113,233,23,0.2389
9114,233,23,0.8799
9115,233,23,0.2393
9361,234,43,0.9150
9362,234,43,0.9798
9363,234,43,0.9768
9364,234,43,0.3612
9365,234,43,0.9094
9366,234,43,0.9304
9367,234,43,0.9167
9368,234,43,0.9585
9369,234,43,0.5124
9370,234,43,0.0417
7411,227,17,0.5476
7412,227,17,0.8256
7413,227,17,0.9742
7414,227,17,0.9772
7415,227,17,0.7964
7416,227,17,0.6557
7417,227,17,0.1540
7418,227,17,0.6941
7419,227,17,0.8556
7420,227,17,0.8283
8392,229,93,0.8358
8393,229,93,0.9594
8394,229,93,0.8447
8395,229,93,0.2245
8396,229,93,0.4733
8397,229,93,0.7742
8398,229,93,0.4978
8399,229,93,0.9265
8400,229,93,0.9731
8401,229,93,0.9912
9116,233,23,0.8554
9117,233,23,0.7930
9371,234,43,0.9170
9372,234,43,0.8999
9373,234,43,0.9102
9374,234,43,0.7264
9375,234,43,0.6285
9376,234,43,0.9607
9377,234,43,0.4866
9378,234,43,0.6421
7421,227,17,0.9405
7422,227,17,0.4200
7423,227,17,0.9631
7424,227,17,0.9744
7425,227,17,0.9677
7426,227,17,0.5807
7427,227,17,0.0806
7428,227,17,0.5971
7429,227,17,0.2369
7430,227,17,0.4974
8402,229,93,0.5716
8403,229,93,0.8255
8404,229,93,0.6008
8405,229,93,0.9774
8406,229,93,0.9742
8407,229,93,0.5334
8408,229,93,0.9779
8409,229,93,0.9584
8410,229,93,0.6415
8411,229,93,0.8362
9118,233,23,0.2594
9119,233,23,0.0909
9120,233,23,0.8310
9379,234,43,0.9733
9380,234,43,0.8494
9381,234,43,0.3596
9382,234,43,0.4179
9383,234,43,0.7973
9384,234,43,0.9679
9385,234,43,0.1931
9386,234,43,0.7384
7431,227,17,0.7419
7432,227,17,0.9815
7433,227,17,0.8202
7434,227,17,0.7876
7435,227,17,0.4948
7436,227,17,0.1862
7437,227,17,0.3805
7438,227,17,0.4666
7439,227,17,0.7920
7440,227,17,0.8902
9121,233,23,0.6788
9122,233,23,0.9612
9123,233,23,0.9786
9124,233,23,0.7496
9125,233,23,0.9688
9126,233,23,0.9851
9127,233,23,0.9845
9128,233,23,0.8007
9387,234,43,0.8433
9388,234,43,0.8906
9389,234,43,0.9377
9390,234,43,0.9820
9391,234,43,0.6339
9392,234,43,0.9182
9393,234,43,0.9792
9394,234,43,0.8817
9395,234,43,0.9868
9396,234,43,0.1896
9610,235,132,0.9322
9611,235,132,0.9172
9612,235,132,0.9603
9613,235,132,0.9258
9614,235,132,0.0351
9615,235,132,0.2823
9616,235,132,0.1167
9617,235,132,0.5177
9618,235,132,0.7744
9619,235,132,0.9414
7441,227,17,0.3581
7442,227,17,0.6870
9129,233,23,0.8899
9130,233,23,0.9747
9131,233,23,0.8694
9132,233,23,0.9736
9133,233,23,0.4236
9134,233,23,0.4488
9135,233,23,0.9633
9136,233,23,0.0243
9137,233,23,0.7903
9138,233,23,0.9803
9397,234,17,0.7983
9398,234,17,0.9853
9399,234,17,0.5363
9400,234,17,0.9710
9401,234,17,0.2949
9402,234,17,0.8963
9403,234,17,0.1972
9620,235,132,0.9742
9621,235,132,0.9785
9622,235,132,0.9771
9623,235,132,0.8739
7443,227,17,0.0550
7444,227,17,0.1931
7445,227,17,0.7424
7446,227,17,0.6859
7447,227,17,0.8205
7448,227,17,0.9028
7449,227,17,0.8845
7450,227,17,0.6233
7451,227,17,0.7030
7452,227,17,0.9227
9139,233,23,0.9399
9140,233,23,0.7363
9141,233,23,0.7050
9142,233,23,0.6488
9143,233,23,0.8879
9144,233,23,0.8104
9145,233,23,0.9815
9146,233,23,0.8574
9147,233,23,0.8945
9148,233,23,0.9058
9404,234,17,0.9465
9405,234,17,0.8958
9406,234,17,0.7857
9407,234,17,0.5996
9408,234,17,0.3688
9409,234,17,0.6251
9624,235,132,0.4198
9625,235,132,0.9827
7453,227,17,0.7987
7454,227,17,0.9651
7455,227,17,0.5596
7456,227,17,0.5523
7457,227,17,0.8291
7458,227,17,0.9197
7459,227,17,0.8941
7460,227,17,0.9381
7461,227,17,0.1040
7462,227,17,0.5179
9149,233,23,0.4722
9150,233,23,0.9814
9151,233,23,0.5219
9152,233,23,0.8191
9153,233,23,0.2673
9154,233,23,0.0621
9155,233,23,0.3366
9156,233,23,0.3776
9157,233,23,0.5236
9410,234,17,0.8094
9411,234,17,0.7138
9626,235,132,0.2021
9627,235,132,0.5742
7463,227,17,0.7578
7464,227,17,0.5262
7465,227,17,0.5996
7466,227,17,0.3161
7467,227,17,0.0754
7468,227,17,0.7355
7469,227,17,0.1493
7470,227,17,0.6260
7471,227,17,0.3163
7472,227,17,0.6495
9158,233,23,0.9444
9159,233,23,0.6839
9160,233,23,0.3692
9412,234,17,0.3474
9413,234,17,0.7366
9628,235,132,0.8361
9629,235,132,0.9825
9630,235,132,0.9410
9631,235,132,0.9686
9632,235,132,0.3225
9633,235,132,0.8412
9634,235,132,0.5540
9635,235,132,0.7832
9636,235,132,0.9416
9637,235,132,0.8168
7473,227,17,0.7656
7474,227,17,0.7263
7475,227,17,0.8433
7476,227,17,0.8227
7477,227,17,0.7395
7478,227,17,0.9315
7479,227,17,0.7164
7480,227,17,0.9194
7481,227,17,0.9028
7482,227,17,0.0720
9161,233,23,0.0474
9162,233,23,0.7445
9163,233,23,0.9498
9164,233,23,0.8545
9165,233,23,0.7193
9166,233,23,0.8459
9167,233,23,0.9003
9168,233,23,0.7267
9169,233,23,0.9869
9170,233,23,0.6515
9414,234,17,0.2151
9415,234,17,0.6700
9638,235,132,0.8267
9639,235,132,0.8932
9640,235,132,0.8030
9641,235,132,0.9583
9642,235,132,0.9722
9643,235,132,0.9788
9644,235,132,0.9846
9645,235,132,0.0886
9646,235,132,0.9635
9647,235,132,0.9473
7483,227,17,0.6147
7484,227,17,0.8089
7485,227,17,0.0934
7486,227,17,0.4734
7487,227,17,0.8253
7488,227,17,0.7678
7489,227,17,0.9240
7490,227,17,0.6024
7491,227,17,0.0827
7492,227,17,0.5995
9171,233,107,0.8427
9172,233,107,0.9710
9173,233,107,0.9510
9174,233,107,0.7641
9175,233,107,0.9669
9176,233,107,0.8464
9177,233,107,0.5534
9178,233,107,0.9777
9179,233,107,0.9044
9416,234,17,0.7858
9417,234,17,0.6844
9648,235,132,0.9690
9649,235,132,0.9797
9650,235,132,0.9842
9651,235,132,0.0964
9652,235,132,0.9758
7493,227,17,0.5313
7494,227,17,0.7296
7495,227,17,0.9389
7496,227,17,0.8719
7497,227,17,0.9849
7498,227,17,0.3278
7499,227,17,0.4617
7500,227,17,0.9609
7501,227,17,0.9787
7502,227,17,0.9939
9180,233,43,0.8100
9181,233,43,0.9709
9182,233,43,0.8687
9183,233,43,0.2501
9184,233,43,0.8716
9185,233,43,0.8375
9186,233,43,0.9607
9187,233,43,0.6842
9188,233,43,0.9012
9189,233,43,0.6837
9418,234,17,0.4293
9419,234,17,0.8546
9653,235,132,0.8714
9654,235,132,0.9611
9655,235,132,0.6166
7503,227,17,0.9541
7504,227,17,0.2932
7505,227,17,0.5439
7506,227,17,0.5432
7507,227,17,0.9061
7508,227,17,0.8571
7509,227,17,0.1310
7510,227,17,0.4283
7511,227,17,0.2898
7512,227,17,0.1967
9190,233,17,0.8263
9191,233,17,0.9430
9192,233,17,0.2768
9193,233,17,0.8842
9194,233,17,0.9726
9195,233,17,0.9852
9196,233,17,0.4960
9420,234,17,0.5844
9421,234,17,0.4085
9422,234,17,0.6954
9423,234,17,0.9655
9424,234,17,0.9860
9425,234,17,0.1573
9656,235,132,0.9123
9657,235,132,0.9785
9658,235,132,0.5749
9659,235,132,0.9367
7513,227,17,0.7071
7514,227,17,0.1707
7515,227,17,0.4611
7516,227,17,0.1000
7517,227,17,0.4237
7518,227,17,0.3173
7519,227,17,0.2388
7520,227,17,0.6171
7521,227,17,0.2585
7522,227,17,0.8061
9197,233,17,0.4998
9198,233,17,0.5843
9426,234,17,0.8247
9427,234,17,0.6971
9660,235,132,0.6429
9661,235,132,0.6883
7523,227,17,0.3228
7524,227,17,0.1824
7525,227,17,0.7875
7526,227,17,0.2954
7527,227,17,0.5051
7528,227,17,0.4983
7529,227,17,0.5785
7530,227,17,0.7863
7531,227,17,0.9183
7532,227,17,0.8691
9199,233,17,0.6803
9200,233,17,0.8684
9201,233,17,0.9844
9202,233,17,0.5066
9203,233,17,0.8312
9204,233,17,0.9736
9205,233,17,0.1161
9206,233,17,0.4965
9207,233,17,0.5813
9208,233,17,0.5610
9428,234,17,0.8453
9429,234,17,0.2878
9430,234,17,0.9628
9431,234,17,0.5993
9432,234,17,0.1797
9662,235,132,0.8676
9663,235,132,0.9829
9664,235,132,0.9777
9665,235,132,0.9297
9666,235,132,0.8435
9667,235,132,0.9346
9668,235,132,0.9604
9669,235,132,0.9121
9670,235,132,0.9814
9671,235,132,0.9785
7533,227,17,0.7917
7534,227,17,0.8191
7535,227,17,0.1564
7536,227,17,0.8003
7537,227,17,0.8474
7538,227,17,0.0673
7539,227,17,0.5612
7540,227,17,0.5436
7541,227,17,0.6866
7542,227,17,0.5122
9209,233,17,0.2498
9210,233,17,0.6675
9433,234,17,0.7556
9434,234,17,0.9409
9435,234,17,0.4220
9436,234,17,0.9160
9437,234,17,0.5264
9438,234,17,0.9826
9439,234,17,0.9716
9440,234,17,0.9246
9441,234,17,0.1157
9672,235,23,0.9111
9673,235,23,0.9843
9674,235,23,0.7125
9675,235,23,0.4251
7543,227,17,0.3081
7544,227,17,0.6269
7545,227,17,0.0486
7546,227,17,0.9561
7547,227,17,0.6295
7548,227,17,0.7959
7549,227,17,0.9062
7550,227,17,0.8481
7551,227,17,0.9209
7552,227,17,0.8970
9211,233,17,0.8477
9212,233,17,0.8410
9213,233,17,0.4257
9214,233,17,0.6597
9215,233,17,0.8818
9216,233,17,0.9345
9217,233,17,0.7065
9218,233,17,0.9343
9219,233,17,0.9322
9442,234,17,0.9466
9443,234,17,0.7167
9444,234,17,0.9169
9445,234,17,0.9597
9446,234,17,0.8213
9447,234,17,0.7133
9448,234,17,0.8377
9449,234,17,0.1164
9676,235,23,0.6262
9677,235,23,0.8016
7553,227,17,0.9186
7554,227,17,0.5474
7555,227,17,0.7970
7556,227,17,0.9579
7557,227,17,0.6799
7558,227,17,0.9792
7559,227,17,0.9775
7560,227,17,0.1427
7561,227,17,0.2616
7562,227,17,0.5033
9220,233,93,0.8648
9221,233,93,0.9749
9222,233,93,0.9872
9223,233,93,0.9372
9224,233,93,0.9879
9225,233,93,0.9741
9226,233,93,0.9732
9227,233,93,0.9808
9228,233,93,0.9880
9450,234,17,0.8007
9451,234,17,0.8103
9452,234,17,0.6431
9453,234,17,0.9209
9454,234,17,0.9373
9455,234,17,0.9782
9456,234,17,0.9836
9457,234,17,0.7496
9458,234,17,0.1629
9459,234,17,0.9805
9678,235,23,0.5752
9679,235,23,0.7629
7563,227,93,0.5241
7564,227,93,0.2822
7565,227,93,0.9026
7566,227,93,0.1043
7567,227,93,0.6524
7568,227,93,0.3766
7569,227,93,0.3333
7570,227,93,0.6660
7571,227,93,0.6999
7572,227,93,0.3362
9229,233,132,0.8661
9230,233,132,0.9830
9231,233,132,0.9697
9232,233,132,0.2811
9233,233,132,0.8419
9234,233,132,0.9753
9235,233,132,0.9790
9236,233,132,0.9758
9237,233,132,0.1181
9238,233,132,0.9357
9460,234,17,0.4736
9461,234,17,0.2976
9462,234,17,0.8789
9463,234,17,0.0351
9680,235,23,0.6158
9681,235,23,0.9834
9682,235,23,0.0761
9683,235,23,0.2308
7573,227,93,0.1930
7574,227,93,0.7123
7575,227,93,0.1191
7576,227,93,0.5902
7577,227,93,0.4158
7578,227,93,0.3266
7579,227,93,0.7272
7580,227,93,0.5658
7581,227,93,0.5077
7582,227,93,0.7802
9464,234,17,0.9147
9465,234,17,0.9709
9466,234,17,0.6131
9467,234,17,0.6715
9468,234,17,0.8812
9469,234,17,0.7941
9470,234,17,0.3014
9471,234,17,0.2562
9472,234,17,0.7545
9473,234,17,0.9689
9684,235,23,0.8952
9685,235,23,0.7557
10585,236,132,0.7661
10586,236,132,0.8957
10587,236,132,0.9574
10588,236,132,0.8844
10589,236,132,0.9822
10590,236,132,0.9776
10591,236,132,0.9887
10592,236,132,0.9765
10593,236,132,0.9585
10594,236,132,0.8986
7583,227,93,0.4490
7584,227,93,0.7240
7585,227,93,0.3045
7586,227,93,0.4933
7587,227,93,0.7260
7588,227,93,0.9050
7589,227,93,0.7635
7590,227,93,0.9129
7591,227,93,0.7774
7592,227,93,0.0749
9474,234,17,0.9180
9475,234,17,0.7218
9476,234,17,0.9835
9477,234,17,0.3113
9478,234,17,0.7301
9686,235,23,0.6926
9687,235,23,0.5493
9688,235,23,0.8427
9689,235,23,0.9519
9690,235,23,0.7067
9691,235,23,0.1097
10595,236,23,0.5451
10596,236,23,0.7735
10597,236,23,0.4508
10598,236,23,0.9813
10599,236,23,0.7477
10600,236,23,0.0285
10601,236,23,0.9700
10602,236,23,0.9867
10603,236,23,0.9879
10604,236,23,0.9023
7593,227,93,0.4716
7594,227,93,0.2071
7595,227,93,0.8681
7596,227,93,0.8004
7597,227,93,0.9290
7598,227,93,0.7835
7599,227,93,0.9126
7600,227,93,0.8833
7601,227,93,0.0724
7602,227,93,0.3974
9479,234,17,0.5073
9480,234,17,0.8098
9481,234,17,0.9796
9482,234,17,0.9277
9483,234,17,0.8502
9484,234,17,0.7041
9485,234,17,0.9352
9486,234,17,0.4655
9692,235,23,0.4416
9693,235,23,0.4518
10605,236,23,0.7250
10606,236,23,0.3463
10607,236,23,0.8738
10608,236,23,0.5433
10609,236,23,0.9698
10610,236,23,0.2821
10611,236,23,0.9263
10612,236,23,0.9644
10613,236,23,0.9849
10614,236,23,0.7149
7603,227,93,0.1724
7604,227,93,0.0864
7605,227,93,0.5473
7606,227,93,0.1955
7607,227,93,0.3665
7608,227,93,0.3284
7609,227,93,0.2028
7610,227,93,0.3873
7611,227,93,0.4489
7612,227,93,0.2555
9487,234,17,0.1252
9488,234,17,0.3912
9694,235,23,0.8616
9695,235,23,0.5147
9696,235,23,0.7197
10615,236,23,0.9369
10616,236,23,0.8013
10617,236,23,0.9796
10618,236,23,0.7071
10619,236,23,0.9560
10620,236,23,0.9088
10621,236,23,0.8639
10622,236,23,0.9819
10623,236,23,0.1340
10624,236,23,0.9802
7613,227,93,0.6206
7614,227,93,0.2796
7615,227,93,0.8592
7616,227,93,0.7853
7617,227,93,0.0879
7618,227,93,0.5597
7619,227,93,0.4221
7620,227,93,0.4659
7621,227,93,0.2950
7622,227,93,0.8423
9489,234,17,0.8924
9490,234,17,0.8972
9491,234,17,0.9864
9492,234,17,0.8297
9493,234,17,0.7837
9494,234,17,0.4409
9495,234,17,0.9492
9496,234,17,0.9668
9497,234,17,0.0644
9697,235,23,0.5968
9698,235,23,0.7724
9699,235,23,0.8015
10625,236,23,0.2806
7623,227,93,0.2473
7624,227,93,0.7020
7625,227,93,0.3137
7626,227,93,0.8564
7627,227,93,0.6276
7628,227,93,0.9279
7629,227,93,0.2413
7630,227,93,0.3693
7631,227,93,0.8298
7632,227,93,0.2612
9498,234,17,0.9347
9499,234,17,0.9200
9500,234,17,0.5862
9501,234,17,0.0817
9700,235,23,0.9404
9701,235,23,0.8151
10626,236,23,0.7002
10627,236,23,0.9414
10628,236,23,0.9591
10629,236,23,0.0152
10630,236,23,0.8650
10631,236,23,0.8735
10632,236,23,0.4252
10633,236,23,0.0845
10634,236,23,0.8971
10635,236,23,0.9765
7633,227,93,0.9367
7634,227,93,0.5485
7635,227,93,0.7946
7636,227,93,0.5752
7637,227,93,0.9055
7638,227,93,0.0573
7639,227,93,0.8279
7640,227,93,0.9758
7641,227,93,0.9790
9502,234,17,0.8355
9503,234,17,0.7231
9702,235,23,0.7760
9703,235,23,0.5749
9704,235,23,0.9817
9705,235,23,0.8753
9706,235,23,0.7383
9707,235,23,0.3012
9708,235,23,0.8136
9709,235,23,0.8290
9710,235,23,0.9766
9711,235,23,0.8661
10636,236,23,0.9056
10637,236,23,0.8608
10638,236,23,0.9699
10639,236,23,0.8013
10640,236,23,0.9149
10641,236,23,0.9144
10642,236,23,0.4378
10643,236,23,0.6583
10644,236,23,0.5401
10645,236,23,0.3926
9504,234,17,0.2127
9505,234,17,0.7344
9712,235,23,0.4327
9713,235,23,0.6650
10646,236,23,0.9068
10647,236,23,0.8307
10648,236,23,0.5485
10649,236,23,0.8659
10650,236,23,0.3541
10651,236,23,0.9616
10652,236,23,0.9921
10653,236,23,0.9946
10654,236,23,0.9948
10655,236,23,0.9942
11276,237,132,0.6254
11277,237,132,0.8948
11278,237,132,0.9577
11279,237,132,0.1622
11280,237,132,0.8435
11281,237,132,0.3305
11282,237,132,0.2309
11283,237,132,0.9777
11284,237,132,0.6894
11285,237,132,0.2693
9506,234,17,0.8382
9507,234,17,0.7745
9508,234,17,0.9804
9509,234,17,0.6452
9510,234,17,0.5163
9511,234,17,0.3601
9714,235,23,0.6129
9715,235,23,0.7108
10656,236,23,0.3654
10657,236,23,0.3692
10658,236,23,0.6834
10659,236,23,0.9703
10660,236,23,0.9684
10661,236,23,0.9868
10662,236,23,0.9831
10663,236,23,0.9848
10664,236,23,0.9657
10665,236,23,0.9610
11286,237,132,0.9126
11287,237,132,0.8101
11288,237,132,0.8507
11289,237,132,0.7641
11290,237,132,0.9638
11291,237,132,0.8791
11292,237,132,0.8612
11293,237,132,0.5262
11294,237,132,0.4159
11295,237,132,0.9633
9512,234,17,0.9684
9513,234,17,0.9866
9514,234,17,0.8557
9515,234,17,0.9502
9516,234,17,0.3417
9517,234,17,0.7859
9518,234,17,0.4503
9519,234,17,0.5459
9520,234,17,0.9223
9521,234,17,0.9810
9716,235,23,0.8556
9717,235,23,0.4949
10666,236,23,0.7849
10667,236,23,0.8042
10668,236,23,0.9701
10669,236,23,0.2062
11296,237,132,0.9465
11297,237,132,0.9274
11298,237,132,0.9747
11299,237,132,0.9831
11300,237,132,0.9207
11301,237,132,0.3348
11302,237,132,0.9754
9522,234,17,0.2917
9523,234,17,0.5881
9524,234,17,0.0636
9718,235,23,0.0600
9719,235,23,0.8464
9720,235,23,0.9204
9721,235,23,0.8025
9722,235,23,0.9590
10670,236,23,0.8832
10671,236,23,0.9859
10672,236,23,0.9170
10673,236,23,0.1250
10674,236,23,0.9523
10675,236,23,0.7833
10676,236,23,0.8314
10677,236,23,0.8293
10678,236,23,0.8886
10679,236,23,0.7465
11303,237,132,0.6679
9525,234,17,0.1347
9526,234,17,0.6294
9723,235,23,0.0914
9724,235,23,0.6577
10680,236,23,0.7938
10681,236,23,0.9031
10682,236,23,0.8069
10683,236,23,0.6071
10684,236,23,0.0688
10685,236,23,0.7052
10686,236,23,0.2179
10687,236,23,0.6898
10688,236,23,0.8802
10689,236,23,0.9936
11304,237,132,0.9561
11305,237,132,0.5339
11306,237,132,0.1911
9527,234,17,0.2379
9528,234,17,0.7025
9725,235,23,0.9263
9726,235,23,0.8191
10690,236,23,0.9770
10691,236,23,0.6087
10692,236,23,0.1663
10693,236,23,0.5019
10694,236,23,0.1509
11307,237,132,0.9201
11308,237,132,0.5906
11309,237,132,0.7730
9529,234,17,0.4261
9530,234,17,0.8297
9531,234,17,0.9755
9532,234,17,0.5934
9533,234,17,0.8498
9534,234,17,0.6857
9727,235,23,0.6943
9728,235,23,0.2274
9729,235,23,0.8173
10695,236,23,0.9154
10696,236,23,0.8365
11310,237,132,0.9476
11311,237,132,0.4733
11312,237,132,0.1243
11313,237,132,0.1703
9535,234,17,0.9353
9536,234,17,0.9837
9537,234,17,0.9877
9538,234,17,0.1732
9539,234,17,0.8030
9730,235,23,0.6879
9731,235,23,0.5711
10697,236,23,0.8387
10698,236,23,0.6891
10699,236,23,0.5582
10700,236,23,0.6460
10701,236,23,0.8022
10702,236,23,0.0410
10703,236,23,0.1280
11314,237,132,0.9338
11315,237,132,0.6924
11316,237,132,0.7120
9540,234,17,0.2886
9541,234,17,0.6537
9732,235,23,0.6754
9733,235,23,0.6860
10704,236,23,0.9638
10705,236,23,0.9877
10706,236,23,0.9816
10707,236,23,0.5434
10708,236,23,0.4441
11317,237,132,0.8741
11318,237,132,0.9764
11319,237,132,0.9847
11320,237,132,0.9324
11321,237,132,0.9746
11322,237,132,0.7194
11323,237,132,0.9806
11324,237,132,0.9671
11325,237,132,0.6507
11326,237,132,0.9633
9542,234,17,0.6116
9543,234,17,0.6332
9544,234,17,0.3087
9545,234,17,0.8845
9546,234,17,0.9386
9547,234,17,0.1000
9734,235,23,0.4050
9735,235,23,0.7748
9736,235,23,0.7361
10709,236,23,0.9444
10710,236,23,0.7059
11327,237,132,0.9672
11328,237,132,0.9777
11329,237,132,0.9774
11330,237,132,0.9812
11331,237,132,0.9354
11332,237,132,0.6051
11333,237,132,0.9770
11334,237,132,0.8509
11335,237,132,0.9738
11336,237,132,0.8238
9548,234,17,0.9503
9549,234,17,0.9284
9550,234,17,0.5078
9551,234,17,0.3373
9552,234,17,0.9542
9553,234,17,0.9711
9554,234,17,0.1540
9737,235,23,0.4976
9738,235,23,0.7259
9739,235,23,0.9616
9740,235,23,0.9839
9741,235,23,0.9787
9742,235,23,0.9945
9743,235,23,0.9961
9744,235,23,0.9967
9745,235,23,0.9970
9746,235,23,0.9973
10711,236,23,0.9403
10712,236,23,0.5214
10713,236,23,0.0295
10714,236,23,0.6215
10715,236,23,0.9790
10716,236,23,0.2976
10717,236,23,0.7189
11337,237,23,0.4973
11338,237,23,0.7585
11339,237,23,0.3175
11340,237,23,0.8949
11341,237,23,0.9730
11342,237,23,0.9901
11343,237,23,0.8633
11344,237,23,0.9483
11345,237,23,0.9815
11346,237,23,0.9171
9555,234,17,0.4975
9556,234,17,0.7817
9747,235,23,0.2865
9748,235,23,0.6588
9749,235,23,0.9688
9750,235,23,0.9908
9751,235,23,0.9950
9752,235,23,0.9951
9753,235,23,0.9971
9754,235,23,0.9973
9755,235,23,0.9972
9756,235,23,0.9973
10718,236,23,0.8841
10719,236,23,0.8097
11347,237,23,0.3823
11348,237,23,0.3947
11349,237,23,0.9626
11350,237,23,0.3456
11351,237,23,0.9694
11352,237,23,0.9880
11353,237,23,0.9943
11354,237,23,0.9952
11355,237,23,0.9950
11356,237,23,0.9951
9557,234,17,0.7469
9558,234,17,0.9484
9559,234,17,0.9509
9560,234,17,0.8598
9561,234,17,0.9266
9562,234,17,0.7746
9563,234,17,0.9239
9564,234,17,0.6132
9565,234,17,0.5265
9757,235,23,0.3813
9758,235,23,0.8004
9759,235,23,0.9840
9760,235,23,0.9932
9761,235,23,0.9959
9762,235,23,0.9968
9763,235,23,0.9970
9764,235,23,0.9961
9765,235,23,0.9974
9766,235,23,0.9974
10720,236,23,0.4992
10721,236,23,0.6356
10722,236,23,0.9043
10723,236,23,0.6367
10724,236,23,0.5143
11357,237,23,0.0785
11358,237,23,0.2192
11359,237,23,0.9625
11360,237,23,0.9002
11361,237,23,0.8949
11362,237,23,0.0771
11363,237,23,0.2344
11364,237,23,0.3301
11365,237,23,0.1780
11366,237,23,0.5880
9566,234,17,0.4178
9567,234,17,0.3254
9568,234,17,0.4735
9767,235,23,0.6355
9768,235,23,0.9685
9769,235,23,0.9867
9770,235,23,0.9942
9771,235,23,0.9962
9772,235,23,0.9953
9773,235,23,0.9974
9774,235,23,0.9969
9775,235,23,0.9975
9776,235,23,0.9976
10725,236,23,0.7378
10726,236,23,0.8509
11367,237,23,0.5814
11368,237,23,0.7691
9569,234,17,0.8151
9570,234,17,0.2715
9571,234,17,0.9166
9572,234,17,0.9473
9573,234,17,0.4797
9574,234,17,0.9297
9575,234,17,0.2362
9576,234,17,0.4296
9577,234,17,0.8280
9578,234,17,0.9743
9777,235,23,0.1924
10727,236,23,0.0916
10728,236,23,0.8169
11369,237,23,0.8760
11370,237,23,0.7535
11371,237,23,0.7355
11372,237,23,0.8574
11373,237,23,0.1986
11374,237,23,0.6243
11375,237,23,0.7776
11376,237,23,0.0536
11377,237,23,0.8322
11378,237,23,0.9220
9579,234,17,0.9458
9580,234,17,0.2725
9581,234,17,0.8526
9582,234,17,0.7843
9583,234,17,0.8876
9584,234,17,0.9810
9585,234,17,0.3295
9586,234,17,0.9789
9587,234,17,0.6593
9588,234,17,0.4903
9778,235,23,0.5614
9779,235,23,0.9360
10729,236,23,0.4775
10730,236,23,0.8123
11379,237,23,0.7609
11380,237,23,0.9364
11381,237,23,0.9647
11382,237,23,0.8769
11383,237,23,0.9519
11384,237,23,0.0640
9589,234,17,0.8676
9590,234,17,0.4708
9591,234,17,0.4315
9592,234,17,0.9810
9593,234,17,0.8529
9594,234,17,0.9716
9595,234,17,0.6148
9596,234,17,0.8574
9597,234,17,0.6055
9780,235,23,0.4051
9781,235,23,0.8642
10731,236,23,0.9789
10732,236,23,0.2239
10733,236,23,0.9503
10734,236,23,0.9807
10735,236,23,0.6665
10736,236,23,0.4549
10737,236,23,0.4812
11385,237,23,0.9168
11386,237,23,0.7374
9598,234,93,0.7588
9599,234,93,0.1884
9600,234,93,0.7895
9782,235,23,0.0879
9783,235,23,0.9116
10738,236,23,0.3529
10739,236,23,0.7009
11387,237,23,0.8616
11388,237,23,0.2685
11389,237,23,0.4086
9601,234,93,0.8929
9602,234,93,0.9800
9603,234,93,0.6467
9604,234,93,0.9843
9605,234,93,0.9880
9606,234,93,0.9862
9607,234,93,0.6932
9608,234,93,0.5061
9609,234,93,0.9842
9784,235,23,0.7257
9785,235,23,0.7151
9786,235,23,0.9306
9787,235,23,0.5419
10740,236,23,0.9295
10741,236,23,0.9367
10742,236,23,0.8825
11390,237,23,0.8853
11391,237,23,0.5592
11392,237,23,0.9776
11393,237,23,0.7754
11394,237,23,0.6239
11395,237,23,0.9823
11396,237,23,0.9695
11397,237,23,0.5929
11398,237,23,0.2089
11399,237,23,0.8130
9788,235,23,0.4581
9789,235,23,0.7414
10743,236,23,0.4839
10744,236,23,0.7767
11400,237,23,0.8964
11401,237,23,0.9237
11402,237,23,0.9691
11403,237,23,0.9693
11404,237,23,0.5945
11405,237,23,0.8952
11406,237,23,0.3446
11407,237,23,0.4677
11408,237,23,0.5354
11409,237,23,0.3604
11962,238,132,0.7549
11963,238,132,0.9017
11964,238,132,0.9670
11965,238,132,0.6357
11966,238,132,0.7051
11967,238,132,0.9668
11968,238,132,0.9849
11969,238,132,0.9787
11970,238,132,0.9805
11971,238,132,0.9867
9790,235,23,0.6297
9791,235,23,0.9792
9792,235,23,0.9602
9793,235,23,0.9926
9794,235,23,0.9912
9795,235,23,0.5801
9796,235,23,0.8051
9797,235,23,0.9726
9798,235,23,0.9906
9799,235,23,0.9950
10745,236,23,0.8865
10746,236,23,0.9409
10747,236,23,0.7702
11410,237,23,0.8093
11411,237,23,0.7141
11972,238,23,0.8247
11973,238,23,0.8038
11974,238,23,0.7699
11975,238,23,0.6202
11976,238,23,0.9854
11977,238,23,0.5538
11978,238,23,0.9655
11979,238,23,0.6050
11980,238,23,0.8311
11981,238,23,0.9813
9800,235,23,0.2982
9801,235,23,0.3446
9802,235,23,0.9688
9803,235,23,0.9931
9804,235,23,0.9934
9805,235,23,0.9949
9806,235,23,0.9954
9807,235,23,0.0045
10748,236,23,0.4262
10749,236,23,0.4056
11412,237,23,0.2813
11413,237,23,0.9664
11414,237,23,0.9843
11415,237,23,0.5496
11982,238,107,0.9328
11983,238,107,0.8792
11984,238,107,0.9873
11985,238,107,0.8899
11986,238,107,0.9856
11987,238,107,0.9919
11988,238,107,0.9665
11989,238,107,0.1943
11990,238,107,0.9847
9808,235,23,0.9542
9809,235,23,0.9719
9810,235,23,0.9508
9811,235,23,0.9904
9812,235,23,0.9897
9813,235,23,0.9826
9814,235,23,0.9209
9815,235,23,0.9873
9816,235,23,0.7564
9817,235,23,0.9644
10750,236,23,0.9572
10751,236,23,0.7037
11416,237,23,0.9429
11417,237,23,0.9518
11418,237,23,0.7484
11991,238,43,0.8730
11992,238,43,0.9797
11993,238,43,0.9696
11994,238,43,0.9108
11995,238,43,0.9620
11996,238,43,0.2486
11997,238,43,0.5949
11998,238,43,0.8990
11999,238,43,0.9829
12000,238,43,0.8391
9818,235,23,0.8906
9819,235,23,0.2815
9820,235,23,0.4997
9821,235,23,0.4941
9822,235,23,0.5791
9823,235,23,0.8535
9824,235,23,0.9221
9825,235,23,0.9698
9826,235,23,0.9861
9827,235,23,0.9636
10752,236,23,0.4378
10753,236,23,0.6373
11419,237,23,0.9494
11420,237,23,0.3757
11421,237,23,0.8606
11422,237,23,0.6731
11423,237,23,0.1383
12001,238,17,0.4757
12002,238,17,0.9784
12003,238,17,0.9639
12004,238,17,0.8329
12005,238,17,0.3669
12006,238,17,0.8055
12007,238,17,0.5712
12008,238,17,0.9440
12009,238,17,0.4745
12010,238,17,0.8813
9828,235,23,0.3902
9829,235,23,0.2414
9830,235,23,0.4954
9831,235,23,0.5125
9832,235,23,0.7092
9833,235,23,0.8830
9834,235,23,0.9645
9835,235,23,0.9841
9836,235,23,0.9820
9837,235,23,0.9872
10754,236,23,0.4911
10755,236,23,0.2056
10756,236,23,0.2454
10757,236,23,0.1598
11424,237,23,0.5893
11425,237,23,0.2573
11426,237,23,0.7572
11427,237,23,0.6914
11428,237,23,0.9277
11429,237,23,0.8535
11430,237,23,0.9349
11431,237,23,0.8861
11432,237,23,0.0590
11433,237,23,0.2635
12011,238,17,0.9151
12012,238,17,0.8653
12013,238,17,0.9245
12014,238,17,0.9608
12015,238,17,0.4115
12016,238,17,0.9750
12017,238,17,0.4266
12018,238,17,0.6947
12019,238,17,0.9830
12020,238,17,0.9795
9838,235,23,0.9072
9839,235,23,0.3493
9840,235,23,0.4993
9841,235,23,0.5828
9842,235,23,0.7433
9843,235,23,0.8945
9844,235,23,0.9584
9845,235,23,0.9843
9846,235,23,0.9888
9847,235,23,0.9903
10758,236,23,0.8428
10759,236,23,0.8161
11434,237,23,0.1437
11435,237,23,0.6765
11436,237,23,0.9088
11437,237,23,0.0389
11438,237,23,0.5770
11439,237,23,0.6237
11440,237,23,0.7178
11441,237,23,0.8999
11442,237,23,0.8419
11443,237,23,0.9073
12021,238,17,0.3652
12022,238,17,0.2538
12023,238,17,0.7197
12024,238,17,0.9638
12025,238,17,0.6089
12026,238,17,0.9821
12027,238,17,0.6330
12028,238,17,0.9842
12029,238,17,0.9498
12030,238,17,0.0603
9848,235,23,0.8617
9849,235,23,0.7246
9850,235,23,0.8980
9851,235,23,0.9511
9852,235,23,0.9879
9853,235,23,0.9916
9854,235,23,0.9923
9855,235,23,0.9932
9856,235,23,0.9926
9857,235,23,0.9928
10760,236,23,0.9400
10761,236,23,0.7694
11444,237,23,0.2672
11445,237,23,0.2147
11446,237,23,0.4504
11447,237,23,0.7763
11448,237,23,0.7764
11449,237,23,0.0766
11450,237,23,0.5440
11451,237,23,0.7014
11452,237,23,0.3942
11453,237,23,0.4684
12031,238,17,0.6192
12032,238,17,0.9772
12033,238,17,0.9505
12034,238,17,0.9612
12035,238,17,0.9381
12036,238,17,0.9873
12037,238,17,0.9104
12038,238,17,0.6562
12039,238,17,0.9427
12040,238,17,0.9683
9858,235,23,0.3986
9859,235,23,0.6094
9860,235,23,0.5057
9861,235,23,0.7844
9862,235,23,0.9103
9863,235,23,0.9385
9864,235,23,0.9804
9865,235,23,0.9901
9866,235,23,0.9913
9867,235,23,0.9930
10762,236,23,0.7355
10763,236,23,0.7211
11454,237,23,0.4622
11455,237,23,0.4564
11456,237,23,0.3533
11457,237,23,0.1927
11458,237,23,0.4347
11459,237,23,0.4859
11460,237,23,0.3005
11461,237,23,0.8480
11462,237,23,0.1741
11463,237,23,0.5055
12041,238,17,0.8726
12042,238,17,0.5208
9868,235,23,0.9425
9869,235,23,0.5746
9870,235,23,0.8347
9871,235,23,0.9325
9872,235,23,0.9762
9873,235,23,0.9883
9874,235,23,0.9890
9875,235,23,0.9904
9876,235,23,0.9864
9877,235,23,0.9921
10764,236,23,0.5521
10765,236,23,0.4900
11464,237,23,0.4194
11465,237,23,0.2152
11466,237,23,0.7577
11467,237,23,0.8736
11468,237,23,0.7415
11469,237,23,0.0935
11470,237,23,0.4682
11471,237,23,0.2683
11472,237,23,0.6788
11473,237,23,0.2120
12043,238,17,0.6374
12044,238,17,0.5138
12045,238,17,0.3003
12046,238,17,0.6465
12047,238,17,0.8435
12048,238,17,0.9921
12049,238,17,0.9951
12050,238,17,0.9955
12051,238,17,0.9956
12052,238,17,0.9945
9878,235,23,0.4790
9879,235,23,0.6870
9880,235,23,0.9005
9881,235,23,0.9309
9882,235,23,0.9809
9883,235,23,0.9914
9884,235,23,0.9921
9885,235,23,0.9954
9886,235,23,0.9949
9887,235,23,0.9963
10766,236,23,0.4067
10767,236,23,0.8377
10768,236,23,0.6154
11474,237,23,0.1832
11475,237,23,0.0782
11476,237,23,0.1575
11477,237,23,0.4908
11478,237,23,0.6757
11479,237,23,0.6994
11480,237,23,0.0860
11481,237,23,0.5430
11482,237,23,0.5723
11483,237,23,0.6975
12053,238,17,0.8095
12054,238,17,0.2247
12055,238,17,0.5628
12056,238,17,0.7792
12057,238,17,0.9826
12058,238,17,0.9902
12059,238,17,0.9944
12060,238,17,0.9955
12061,238,17,0.9949
12062,238,17,0.9954
9888,235,23,0.6862
9889,235,23,0.7629
9890,235,23,0.8407
9891,235,23,0.9463
9892,235,23,0.9771
9893,235,23,0.9876
9894,235,23,0.9936
9895,235,23,0.9950
9896,235,23,0.9953
9897,235,23,0.9963
10769,236,23,0.0687
10770,236,23,0.5881
11484,237,23,0.5063
11485,237,23,0.2699
11486,237,23,0.6778
11487,237,23,0.2241
11488,237,23,0.5029
11489,237,23,0.5372
11490,237,23,0.4305
11491,237,23,0.5006
11492,237,23,0.8068
11493,237,23,0.8685
12063,238,17,0.8510
12064,238,17,0.9761
12065,238,17,0.9738
12066,238,17,0.2784
12067,238,17,0.8875
12068,238,17,0.9280
12069,238,17,0.0293
12070,238,17,0.1316
12071,238,17,0.8430
12072,238,17,0.6234
9898,235,23,0.2363
9899,235,23,0.7923
9900,235,23,0.9765
9901,235,23,0.9923
9902,235,23,0.9942
9903,235,23,0.9964
9904,235,23,0.9971
9905,235,23,0.9969
9906,235,23,0.9973
9907,235,23,0.9975
10771,236,23,0.1951
10772,236,23,0.7931
11494,237,23,0.1153
11495,237,23,0.0888
11496,237,23,0.8944
11497,237,23,0.8897
11498,237,23,0.7518
11499,237,23,0.8463
11500,237,23,0.7576
11501,237,23,0.9263
11502,237,23,0.8642
11503,237,23,0.9380
12073,238,17,0.5025
12074,238,17,0.8596
12075,238,17,0.3306
12076,238,17,0.9077
12077,238,17,0.3565
12078,238,17,0.5735
12079,238,17,0.9142
12080,238,17,0.6043
12081,238,17,0.7932
12082,238,17,0.9776
9908,235,23,0.4420
9909,235,23,0.6429
9910,235,23,0.9061
9911,235,23,0.9635
9912,235,23,0.9798
9913,235,23,0.9864
9914,235,23,0.9936
9915,235,23,0.9932
9916,235,23,0.9952
9917,235,23,0.9960
10773,236,23,0.5889
10774,236,23,0.8465
11504,237,23,0.1099
11505,237,23,0.2355
11506,237,23,0.6015
11507,237,23,0.8875
11508,237,23,0.1347
11509,237,23,0.1517
11510,237,23,0.2158
11511,237,23,0.4785
11512,237,23,0.5043
11513,237,23,0.4578
12083,238,93,0.8374
12084,238,93,0.9472
12085,238,93,0.9822
12086,238,93,0.7429
12087,238,93,0.8733
12088,238,93,0.9661
12089,238,93,0.9090
12090,238,93,0.9877
12091,238,93,0.9562
9918,235,23,0.1821
9919,235,23,0.9578
9920,235,23,0.9790
9921,235,23,0.9817
9922,235,23,0.9889
9923,235,23,0.9910
9924,235,23,0.9926
9925,235,23,0.9935
9926,235,23,0.9939
9927,235,23,0.9932
10775,236,23,0.6358
10776,236,23,0.9815
10777,236,23,0.3909
10778,236,23,0.8476
10779,236,23,0.9825
10780,236,23,0.1635
10781,236,23,0.4014
10782,236,23,0.9675
10783,236,23,0.9878
10784,236,23,0.9936
11514,237,23,0.1407
11515,237,23,0.2870
11516,237,23,0.7498
11517,237,23,0.6326
11518,237,23,0.2470
11519,237,23,0.4974
11520,237,23,0.4473
11521,237,23,0.5965
11522,237,23,0.2428
11523,237,23,0.8253
12092,239,132,0.6715
12093,239,132,0.9489
12094,239,132,0.9702
12095,239,132,0.9805
12096,239,132,0.9872
12097,239,132,0.5924
12098,239,132,0.6345
12099,239,132,0.4930
12100,239,132,0.8723
12101,239,132,0.7991
9928,235,23,0.2326
9929,235,23,0.9311
9930,235,23,0.9800
9931,235,23,0.9894
9932,235,23,0.9923
9933,235,23,0.9943
9934,235,23,0.9968
9935,235,23,0.9970
9936,235,23,0.9971
9937,235,23,0.9973
10785,236,23,0.5231
10786,236,23,0.7663
11524,237,23,0.5210
11525,237,23,0.2496
11526,237,23,0.7109
11527,237,23,0.8088
11528,237,23,0.8731
11529,237,23,0.6494
11530,237,23,0.2446
11531,237,23,0.3156
11532,237,23,0.3976
11533,237,23,0.4351
12102,239,132,0.9411
12103,239,132,0.9802
12104,239,132,0.9848
12105,239,132,0.6350
12106,239,132,0.9814
12107,239,132,0.7697
12108,239,132,0.9844
12109,239,132,0.1685
12110,239,132,0.9186
12111,239,132,0.7846
9938,235,23,0.2821
9939,235,23,0.9568
9940,235,23,0.9811
9941,235,23,0.9917
9942,235,23,0.9919
9943,235,23,0.9929
9944,235,23,0.9957
9945,235,23,0.9961
9946,235,23,0.9964
9947,235,23,0.9965
10787,236,23,0.5600
10788,236,23,0.9765
10789,236,23,0.4441
10790,236,23,0.7857
10791,236,23,0.9806
10792,236,23,0.7970
10793,236,23,0.7311
10794,236,23,0.9815
10795,236,23,0.0288
11534,237,23,0.1386
12112,239,132,0.8975
12113,239,132,0.9758
12114,239,132,0.9210
12115,239,132,0.9687
12116,239,132,0.9613
12117,239,132,0.9600
12118,239,132,0.8422
12119,239,132,0.7901
12120,239,132,0.8995
12121,239,132,0.9462
9948,235,23,0.8714
9949,235,23,0.9170
9950,235,23,0.9095
9951,235,23,0.9822
9952,235,23,0.9911
9953,235,23,0.9924
9954,235,23,0.9924
9955,235,23,0.9916
9956,235,23,0.9921
9957,235,23,0.9911
10796,236,23,0.8109
10797,236,23,0.9363
10798,236,23,0.9843
10799,236,23,0.6639
10800,236,23,0.3653
10801,236,23,0.8660
10802,236,23,0.9590
10803,236,23,0.9848
10804,236,23,0.8997
10805,236,23,0.6105
11535,237,132,0.3332
12122,239,23,0.9701
12123,239,23,0.1563
12124,239,23,0.2575
12125,239,23,0.7421
12126,239,23,0.9247
12127,239,23,0.9419
12128,239,23,0.7192
12129,239,23,0.5366
12130,239,23,0.2810
12131,239,23,0.5331
9958,235,23,0.9331
9959,235,23,0.6919
9960,235,23,0.9529
9961,235,23,0.9791
9962,235,23,0.9676
9963,235,23,0.9868
9964,235,23,0.9879
9965,235,23,0.9852
9966,235,23,0.9881
9967,235,23,0.9883
10806,236,107,0.9354
10807,236,107,0.9459
10808,236,107,0.9674
10809,236,107,0.6766
10810,236,107,0.9257
10811,236,107,0.9729
10812,236,107,0.5771
10813,236,107,0.9858
10814,236,107,0.9685
10815,236,107,0.9890
11536,237,23,0.1706
12132,239,23,0.6652
12133,239,23,0.2089
12134,239,23,0.2764
12135,239,23,0.8871
12136,239,23,0.9691
12137,239,23,0.9570
12138,239,23,0.9753
12139,239,23,0.6913
12140,239,23,0.9888
12141,239,23,0.9895
9968,235,23,0.4440
9969,235,23,0.2980
9970,235,23,0.4926
9971,235,23,0.5398
9972,235,23,0.7447
9973,235,23,0.9176
9974,235,23,0.9699
9975,235,23,0.9869
9976,235,23,0.9892
9977,235,23,0.9872
10816,236,43,0.9881
10817,236,43,0.9300
10818,236,43,0.8011
10819,236,43,0.8466
10820,236,43,0.6178
10821,236,43,0.5938
10822,236,43,0.5521
10823,236,43,0.1757
11537,237,132,0.0581
12142,239,23,0.4122
12143,239,23,0.5851
12144,239,23,0.8110
12145,239,23,0.1696
12146,239,23,0.3385
12147,239,23,0.7108
12148,239,23,0.4683
12149,239,23,0.1672
12150,239,23,0.8514
12151,239,23,0.8563
9978,235,23,0.7369
9979,235,23,0.2616
9980,235,23,0.6835
9981,235,23,0.6781
9982,235,23,0.8686
9983,235,23,0.9573
9984,235,23,0.9874
9985,235,23,0.9899
9986,235,23,0.9887
9987,235,23,0.9903
10824,236,43,0.8658
10825,236,43,0.4271
10826,236,43,0.3088
10827,236,43,0.7228
10828,236,43,0.9614
10829,236,43,0.0911
10830,236,43,0.9159
10831,236,43,0.0330
11538,237,23,0.9305
11539,237,23,0.8121
12152,239,23,0.8431
12153,239,23,0.7720
9988,235,23,0.5063
9989,235,23,0.4505
9990,235,23,0.8370
9991,235,23,0.8502
9992,235,23,0.8959
9993,235,23,0.9564
9994,235,23,0.9820
9995,235,23,0.9896
9996,235,23,0.9920
9997,235,23,0.9925
10832,236,43,0.9670
10833,236,43,0.8857
10834,236,43,0.5956
10835,236,43,0.0275
10836,236,43,0.9259
10837,236,43,0.3926
10838,236,43,0.6443
11540,237,23,0.4162
11541,237,23,0.5873
12154,239,23,0.9204
12155,239,23,0.9629
12156,239,23,0.4946
12157,239,23,0.7085
12158,239,23,0.9827
12159,239,23,0.9658
12160,239,23,0.6276
12161,239,23,0.2784
12162,239,23,0.9737
12163,239,23,0.6892
9998,235,23,0.9380
9999,235,23,0.3333
10000,235,23,0.9353
10001,235,23,0.9884
10002,235,23,0.9918
10003,235,23,0.9933
10004,235,23,0.9945
10005,235,23,0.9946
10006,235,23,0.9941
10007,235,23,0.9941
10839,236,43,0.8515
10840,236,43,0.6868
10841,236,43,0.8511
10842,236,43,0.7847
10843,236,43,0.1880
10844,236,43,0.9456
11542,237,132,0.8076
11543,237,132,0.9830
11544,237,132,0.9685
11545,237,132,0.2460
11546,237,132,0.7080
11547,237,132,0.2018
11548,237,132,0.6205
11549,237,132,0.4748
11550,237,132,0.5705
11551,237,132,0.2970
12164,239,23,0.9283
12165,239,23,0.9748
12166,239,23,0.9866
12167,239,23,0.5342
12168,239,23,0.7631
12169,239,23,0.4003
12170,239,23,0.2945
12171,239,23,0.9256
12172,239,23,0.2694
12173,239,23,0.8801
10008,235,23,0.7841
10009,235,23,0.5392
10010,235,23,0.9640
10011,235,23,0.9868
10012,235,23,0.9920
10013,235,23,0.9929
10014,235,23,0.9930
10015,235,23,0.9932
10016,235,23,0.9934
10017,235,23,0.9936
10845,236,43,0.9558
10846,236,43,0.9604
10847,236,43,0.9503
10848,236,43,0.9801
10849,236,43,0.9590
10850,236,43,0.9813
10851,236,43,0.1089
10852,236,43,0.8887
10853,236,43,0.1005
10854,236,43,0.7520
11552,237,23,0.7396
11553,237,23,0.8361
11554,237,23,0.9647
11555,237,23,0.7626
11556,237,23,0.9121
11557,237,23,0.0378
11558,237,23,0.9280
11559,237,23,0.8578
11560,237,23,0.9368
11561,237,23,0.0358
12174,239,23,0.6977
12175,239,23,0.5719
12176,239,23,0.5813
10018,235,23,0.8219
10019,235,23,0.9351
10020,235,23,0.9806
10021,235,23,0.9897
10022,235,23,0.9923
10023,235,23,0.0067
10024,235,23,0.1205
10025,235,23,0.7994
10026,235,23,0.9033
10027,235,23,0.8932
10855,236,43,0.8507
10856,236,43,0.6541
10857,236,43,0.2053
11562,237,107,0.9384
11563,237,107,0.9522
11564,237,107,0.5794
11565,237,107,0.8522
11566,237,107,0.1765
11567,237,107,0.7976
11568,237,107,0.9374
11569,237,107,0.8789
11570,237,107,0.6777
11571,237,107,0.6764
12177,239,23,0.3472
12178,239,23,0.5820
12179,239,23,0.3659
12180,239,23,0.5593
12181,239,23,0.1706
10028,235,23,0.4908
10029,235,23,0.9405
10030,235,23,0.9732
10031,235,23,0.9894
10032,235,23,0.9936
10033,235,23,0.9954
10034,235,23,0.9960
10035,235,23,0.9968
10036,235,23,0.9970
10037,235,23,0.9971
10858,236,43,0.9167
10859,236,43,0.8787
10860,236,43,0.6810
10861,236,43,0.2634
10862,236,43,0.6928
11572,237,107,0.7917
11573,237,107,0.6959
11574,237,107,0.3207
12182,239,23,0.8809
12183,239,23,0.6173
10038,235,23,0.2422
10039,235,23,0.9472
10040,235,23,0.9829
10041,235,23,0.9916
10042,235,23,0.9950
10043,235,23,0.9962
10044,235,23,0.0039
10045,235,23,0.8196
10046,235,23,0.9182
10047,235,23,0.9238
10863,236,43,0.8355
10864,236,43,0.9856
10865,236,43,0.9890
10866,236,43,0.9746
10867,236,43,0.9726
10868,236,43,0.1158
10869,236,43,0.9720
10870,236,43,0.8199
10871,236,43,0.2815
10872,236,43,0.8230
11575,237,107,0.9145
11576,237,107,0.9611
11577,237,107,0.9832
11578,237,107,0.9919
11579,237,107,0.4772
11580,237,107,0.7704
11581,237,107,0.2247
11582,237,107,0.5573
11583,237,107,0.9784
11584,237,107,0.9805
12184,239,23,0.8272
12185,239,23,0.5759
10048,235,23,0.4471
10049,235,23,0.7736
10050,235,23,0.9499
10051,235,23,0.9806
10052,235,23,0.9894
10053,235,23,0.9907
10054,235,23,0.0055
10055,235,23,0.0151
10056,235,23,0.7410
10057,235,23,0.8344
10873,236,17,0.9112
10874,236,17,0.2714
10875,236,17,0.3397
10876,236,17,0.9523
10877,236,17,0.9825
10878,236,17,0.1519
10879,236,17,0.2637
11585,237,107,0.9402
11586,237,107,0.9425
11587,237,107,0.9597
11588,237,107,0.9808
11589,237,107,0.8393
11590,237,107,0.6688
11591,237,107,0.9844
11592,237,107,0.9791
11593,237,107,0.8825
12186,239,23,0.9451
12187,239,23,0.9464
12188,239,23,0.7427
10058,235,23,0.3067
10059,235,23,0.6533
10060,235,23,0.9729
10061,235,23,0.9862
10062,235,23,0.9933
10063,235,23,0.9957
10064,235,23,0.9976
10065,235,23,0.9980
10066,235,23,0.9972
10067,235,23,0.9974
10880,236,17,0.8530
10881,236,17,0.7837
10882,236,17,0.4254
11594,237,43,0.9533
11595,237,43,0.9816
11596,237,43,0.8578
11597,237,43,0.2064
11598,237,43,0.9602
11599,237,43,0.9760
11600,237,43,0.5399
11601,237,43,0.3740
11602,237,43,0.7783
11603,237,43,0.7901
12189,239,23,0.0507
12190,239,23,0.6316
10068,235,23,0.1660
10069,235,23,0.9559
10070,235,23,0.9878
10071,235,23,0.9912
10072,235,23,0.9957
10073,235,23,0.9960
10074,235,23,0.9965
10075,235,23,0.9969
10076,235,23,0.9971
10077,235,23,0.9974
10883,236,17,0.7196
10884,236,17,0.8175
11604,237,43,0.9278
11605,237,43,0.9764
11606,237,43,0.7036
11607,237,43,0.6290
11608,237,43,0.4225
11609,237,43,0.8015
11610,237,43,0.4504
11611,237,43,0.9448
11612,237,43,0.8793
11613,237,43,0.8138
12191,239,23,0.9727
12192,239,23,0.9725
12193,239,23,0.5178
10078,235,23,0.6950
10079,235,23,0.0992
10080,235,23,0.2651
10081,235,23,0.7897
10082,235,23,0.8757
10083,235,23,0.0730
10084,235,23,0.2914
10085,235,23,0.7857
10086,235,23,0.9078
10087,235,23,0.1360
10885,236,17,0.5889
10886,236,17,0.6445
10887,236,17,0.8192
10888,236,17,0.2947
10889,236,17,0.0633
11614,237,43,0.9289
11615,237,43,0.9731
11616,237,43,0.9785
11617,237,43,0.9451
11618,237,43,0.3532
11619,237,43,0.8990
11620,237,43,0.6026
11621,237,43,0.8346
11622,237,43,0.7750
11623,237,43,0.6958
12194,239,23,0.9164
12195,239,23,0.8575
10088,235,23,0.7880
10089,235,23,0.2371
10090,235,23,0.2368
10091,235,23,0.3419
10092,235,23,0.5739
10093,235,23,0.1997
10094,235,23,0.7179
10095,235,23,0.3909
10096,235,23,0.6195
10097,235,23,0.5435
10890,236,17,0.3083
10891,236,17,0.6481
11624,237,43,0.9611
11625,237,43,0.9467
11626,237,43,0.9622
11627,237,43,0.0212
11628,237,43,0.8995
11629,237,43,0.9551
11630,237,43,0.2754
11631,237,43,0.3593
11632,237,43,0.7771
11633,237,43,0.9659
12196,239,23,0.5822
12197,239,23,0.4636
12198,239,23,0.8415
12199,239,23,0.5572
12200,239,23,0.7478
12201,239,23,0.4584
12202,239,23,0.7050
10098,235,23,0.8612
10099,235,23,0.1823
10100,235,23,0.5009
10101,235,23,0.7564
10102,235,23,0.7244
10103,235,23,0.9131
10104,235,23,0.1081
10105,235,23,0.3723
10106,235,23,0.6781
10107,235,23,0.7877
10892,236,17,0.1510
10893,236,17,0.7397
11634,237,43,0.8851
11635,237,43,0.3511
11636,237,43,0.4040
12203,239,23,0.7107
12204,239,23,0.6440
10108,235,23,0.7635
10109,235,23,0.5019
10110,235,23,0.7645
10111,235,23,0.8266
10112,235,23,0.9429
10113,235,23,0.8567
10114,235,23,0.9221
10115,235,23,0.8798
10116,235,23,0.9296
10117,235,23,0.8842
10894,236,43,0.9053
11637,237,43,0.8399
11638,237,43,0.6535
11639,237,43,0.5935
11640,237,43,0.8177
11641,237,43,0.7415
11642,237,43,0.5352
11643,237,43,0.6687
11644,237,43,0.6720
11645,237,43,0.8153
11646,237,43,0.9118
12205,239,23,0.4114
12206,239,23,0.7776
12207,239,23,0.9534
12208,239,23,0.7933
12209,239,23,0.9487
12210,239,23,0.9843
12211,239,23,0.9308
12212,239,23,0.2734
12213,239,23,0.9561
12214,239,23,0.1810
10118,235,23,0.4371
10119,235,23,0.6260
10120,235,23,0.8404
10121,235,23,0.9514
10122,235,23,0.0227
10123,235,23,0.9452
10124,235,23,0.1127
10125,235,23,0.7575
10126,235,23,0.2571
10127,235,23,0.6375
10895,236,17,0.9599
10896,236,17,0.3266
10897,236,17,0.4693
10898,236,17,0.3122
10899,236,17,0.0981
10900,236,17,0.6515
10901,236,17,0.9802
10902,236,17,0.5524
10903,236,17,0.9742
10904,236,17,0.0710
11647,237,43,0.8860
11648,237,43,0.9687
11649,237,43,0.9786
11650,237,43,0.8631
11651,237,43,0.9783
11652,237,43,0.6862
11653,237,43,0.3920
11654,237,43,0.6091
11655,237,43,0.3083
11656,237,43,0.6745
12215,239,23,0.5177
12216,239,23,0.8226
12217,239,23,0.3995
12218,239,23,0.8329
12219,239,23,0.0633
12220,239,23,0.5802
12221,239,23,0.7628
12222,239,23,0.8542
12223,239,23,0.8766
12224,239,23,0.9482
10128,235,23,0.2849
10129,235,23,0.8224
10130,235,23,0.8372
10131,235,23,0.9250
10132,235,23,0.9583
10133,235,23,0.9834
10134,235,23,0.0101
10135,235,23,0.9890
10905,236,17,0.5302
10906,236,17,0.7518
11657,237,17,0.7711
11658,237,17,0.6406
11659,237,17,0.3841
11660,237,17,0.8082
11661,237,17,0.9759
11662,237,17,0.1384
11663,237,17,0.2478
11664,237,17,0.3825
11665,237,17,0.1506
11666,237,17,0.6154
12225,239,23,0.7268
12226,239,23,0.9755
12227,239,23,0.9725
12228,239,23,0.9548
12229,239,23,0.8778
12230,239,23,0.0208
12231,239,23,0.6956
12232,239,23,0.8761
12233,239,23,0.9718
12234,239,23,0.9784
10136,235,23,0.5126
10137,235,23,0.8800
10138,235,23,0.9668
10139,235,23,0.9868
10907,236,17,0.7103
10908,236,17,0.7160
10909,236,17,0.7126
11667,237,17,0.6826
11668,237,17,0.7747
11669,237,17,0.4982
11670,237,17,0.5941
11671,237,17,0.7581
11672,237,17,0.8316
11673,237,17,0.8548
11674,237,17,0.7702
11675,237,17,0.2398
11676,237,17,0.9282
12235,239,23,0.7918
12236,239,23,0.0369
12237,239,23,0.7311
12238,239,23,0.5946
12239,239,23,0.9822
12240,239,23,0.9789
12241,239,23,0.5975
10140,235,23,0.5989
10141,235,23,0.7822
10142,235,23,0.8415
10910,236,17,0.6345
10911,236,17,0.6356
10912,236,17,0.7030
11677,237,17,0.7978
11678,237,17,0.6881
12242,239,23,0.6707
12243,239,23,0.1593
12244,239,23,0.6284
10143,235,23,0.5887
10144,235,23,0.6687
10145,235,23,0.9498
10146,235,23,0.9931
10147,235,23,0.9952
10148,235,23,0.0044
10913,236,17,0.7701
10914,236,17,0.4527
10915,236,17,0.8184
10916,236,17,0.4035
10917,236,17,0.9804
10918,236,17,0.0397
11679,237,17,0.9242
11680,237,17,0.8245
11681,237,17,0.3830
11682,237,17,0.7366
11683,237,17,0.9517
11684,237,17,0.9549
11685,237,17,0.6525
11686,237,17,0.9436
11687,237,17,0.9902
11688,237,17,0.9941
12245,239,23,0.9443
12246,239,23,0.5741
10149,235,23,0.4187
10150,235,23,0.8863
10151,235,23,0.9715
10152,235,23,0.8383
10919,236,17,0.9429
10920,236,17,0.0266
10921,236,17,0.9113
10922,236,17,0.9666
10923,236,17,0.0400
10924,236,17,0.6936
10925,236,17,0.9630
10926,236,17,0.2603
10927,236,17,0.4076
11689,237,17,0.9241
12247,239,23,0.7126
12248,239,23,0.4140
12249,239,23,0.7377
12250,239,23,0.9776
12251,239,23,0.9853
12252,239,23,0.5754
12253,239,23,0.9544
12254,239,23,0.9042
12255,239,23,0.9458
12256,239,23,0.9373
10153,235,23,0.4079
10154,235,23,0.8982
10155,235,23,0.9758
10156,235,23,0.9895
10157,235,23,0.0070
10158,235,23,0.1348
10159,235,23,0.7076
10160,235,23,0.9145
10161,235,23,0.2940
10162,235,23,0.7437
10928,236,17,0.2124
10929,236,17,0.5918
11690,237,17,0.6695
11691,237,17,0.6911
11692,237,17,0.9580
11693,237,17,0.9865
11694,237,17,0.9947
11695,237,17,0.9962
11696,237,17,0.9973
11697,237,17,0.9972
11698,237,17,0.9969
11699,237,17,0.9970
12257,239,107,0.6046
12258,239,107,0.4205
12259,239,107,0.9673
12260,239,107,0.8668
12261,239,107,0.1242
12262,239,107,0.9559
12263,239,107,0.9541
12264,239,107,0.8979
12265,239,107,0.8321
12266,239,107,0.9668
10163,235,23,0.7830
10164,235,23,0.7245
10165,235,23,0.7515
10166,235,23,0.8254
10167,235,23,0.9447
10168,235,23,0.9765
10169,235,23,0.9906
10170,235,23,0.9929
10171,235,23,0.9924
10172,235,23,0.9934
10930,236,17,0.5776
10931,236,17,0.9784
10932,236,17,0.9865
10933,236,17,0.6930
10934,236,17,0.6916
10935,236,17,0.9688
10936,236,17,0.9521
10937,236,17,0.9430
10938,236,17,0.0146
10939,236,17,0.6363
11700,237,17,0.8307
11701,237,17,0.9411
11702,237,17,0.2475
11703,237,17,0.8443
11704,237,17,0.9757
11705,237,17,0.9827
11706,237,17,0.8753
11707,237,17,0.4661
11708,237,17,0.9647
11709,237,17,0.7832
12267,239,107,0.9100
12268,239,107,0.9772
12269,239,107,0.9705
12270,239,107,0.9455
12271,239,107,0.8591
12272,239,107,0.8963
12273,239,107,0.8198
12274,239,107,0.6550
12275,239,107,0.8574
12276,239,107,0.8523
10173,235,23,0.0484
10174,235,23,0.8583
10175,235,23,0.8756
10176,235,23,0.9374
10177,235,23,0.9668
10178,235,23,0.9820
10179,235,23,0.9857
10180,235,23,0.9901
10181,235,23,0.9932
10182,235,23,0.9941
10940,236,17,0.9116
10941,236,17,0.8452
10942,236,17,0.2249
11710,237,17,0.9301
11711,237,17,0.9822
11712,237,17,0.6425
11713,237,17,0.4970
11714,237,17,0.4644
11715,237,17,0.5950
11716,237,17,0.9688
11717,237,17,0.9811
11718,237,17,0.5636
11719,237,17,0.9169
12277,239,43,0.9843
12278,239,43,0.4055
12279,239,43,0.1583
12280,239,43,0.7288
10183,235,23,0.3980
10184,235,23,0.2587
10185,235,23,0.7780
10186,235,23,0.9043
10187,235,23,0.9319
10188,235,23,0.9704
10189,235,23,0.9843
10190,235,23,0.9861
10191,235,23,0.9874
10192,235,23,0.9882
10943,236,17,0.9353
10944,236,17,0.3939
10945,236,17,0.8300
11720,237,17,0.6468
12281,239,43,0.9622
12282,239,43,0.9785
12283,239,43,0.2555
12284,239,43,0.4479
12285,239,43,0.5954
12286,239,43,0.6229
12287,239,43,0.9284
12288,239,43,0.4686
12289,239,43,0.3092
12290,239,43,0.9004
10193,235,23,0.0502
10194,235,23,0.8768
10195,235,23,0.9550
10196,235,23,0.9808
10197,235,23,0.9876
10198,235,23,0.9940
10199,235,23,0.9960
10200,235,23,0.9966
10201,235,23,0.9953
10202,235,23,0.9970
10946,236,17,0.5061
10947,236,17,0.6676
11721,237,17,0.6557
11722,237,17,0.8338
11723,237,17,0.2969
11724,237,17,0.3960
11725,237,17,0.8010
11726,237,17,0.6522
11727,237,17,0.0778
11728,237,17,0.5822
11729,237,17,0.6077
11730,237,17,0.6999
12291,239,43,0.6262
12292,239,43,0.4458
12293,239,43,0.8061
12294,239,43,0.5861
12295,239,43,0.2757
12296,239,43,0.5627
12297,239,43,0.2549
12298,239,43,0.9597
12299,239,43,0.8959
12300,239,43,0.9898
10203,235,23,0.8112
10204,235,23,0.6661
10205,235,23,0.7728
10206,235,23,0.9428
10207,235,23,0.9427
10208,235,23,0.9854
10209,235,23,0.9863
10210,235,23,0.9884
10211,235,23,0.9873
10212,235,23,0.9880
10948,236,17,0.7716
10949,236,17,0.4066
10950,236,17,0.1579
11731,237,17,0.7985
11732,237,17,0.2797
11733,237,17,0.1604
11734,237,17,0.6666
11735,237,17,0.8336
11736,237,17,0.9269
11737,237,17,0.8467
11738,237,17,0.9424
11739,237,17,0.8863
11740,237,17,0.9208
12301,239,43,0.8024
12302,239,43,0.3535
12303,239,43,0.5993
12304,239,43,0.3836
12305,239,43,0.7683
12306,239,43,0.8632
12307,239,43,0.5138
12308,239,43,0.3905
12309,239,43,0.7939
12310,239,43,0.9676
10213,235,23,0.7027
10214,235,23,0.5587
10215,235,23,0.8808
10216,235,23,0.9496
10217,235,23,0.9705
10218,235,23,0.9845
10219,235,23,0.9858
10220,235,23,0.9873
10221,235,23,0.9872
10222,235,23,0.9885
10951,236,17,0.7433
10952,236,17,0.5127
10953,236,17,0.9750
10954,236,17,0.4470
10955,236,17,0.6412
10956,236,17,0.9784
10957,236,17,0.8457
10958,236,17,0.0137
11741,237,17,0.1760
11742,237,17,0.5840
11743,237,17,0.8515
11744,237,17,0.6344
11745,237,17,0.0867
11746,237,17,0.5126
11747,237,17,0.5323
11748,237,17,0.5974
11749,237,17,0.3376
11750,237,17,0.6494
12311,239,43,0.8760
12312,239,43,0.8239
12313,239,43,0.9208
12314,239,43,0.9781
12315,239,43,0.7449
12316,239,43,0.9796
12317,239,43,0.9710
12318,239,43,0.8085
12319,239,43,0.4421
12320,239,43,0.3786
10223,235,23,0.5666
10224,235,23,0.9674
10225,235,23,0.5851
10226,235,23,0.6029
10959,236,17,0.7121
10960,236,17,0.3828
10961,236,17,0.7651
10962,236,17,0.3822
10963,236,17,0.8148
10964,236,17,0.1815
10965,236,17,0.1761
11751,237,17,0.6369
11752,237,17,0.6451
11753,237,17,0.7199
11754,237,17,0.8019
11755,237,17,0.0643
11756,237,17,0.2889
11757,237,17,0.3833
11758,237,17,0.5463
11759,237,17,0.6395
11760,237,17,0.2859
12321,239,43,0.8632
12322,239,43,0.7534
12323,239,43,0.3677
12324,239,43,0.3663
12325,239,43,0.4175
10227,235,23,0.9399
10228,235,23,0.2181
10229,235,23,0.9386
10230,235,23,0.9917
10231,235,23,0.9942
10232,235,23,0.9952
10233,235,23,0.9952
10234,235,23,0.9960
10235,235,23,0.9951
10236,235,23,0.9943
10966,236,17,0.8871
10967,236,17,0.7508
11761,237,17,0.4471
11762,237,17,0.3776
11763,237,17,0.3021
11764,237,17,0.4589
11765,237,17,0.3962
11766,237,17,0.5500
11767,237,17,0.6694
11768,237,17,0.6454
11769,237,17,0.7754
11770,237,17,0.1020
12326,239,43,0.9197
12327,239,43,0.9147
12328,239,43,0.9786
12329,239,43,0.8337
12330,239,43,0.4113
12331,239,43,0.4530
12332,239,43,0.7380
12333,239,43,0.4623
12334,239,43,0.6993
10237,235,23,0.1782
10238,235,23,0.9461
10239,235,23,0.9801
10240,235,23,0.9907
10241,235,23,0.9904
10242,235,23,0.6824
10243,235,23,0.9902
10244,235,23,0.9959
10245,235,23,0.9954
10246,235,23,0.9970
10968,236,17,0.8051
10969,236,17,0.9847
10970,236,17,0.3626
10971,236,17,0.1313
10972,236,17,0.5113
10973,236,17,0.9447
10974,236,17,0.9928
10975,236,17,0.9952
10976,236,17,0.9950
10977,236,17,0.9953
11771,237,17,0.7413
11772,237,17,0.2297
11773,237,17,0.4721
11774,237,17,0.2165
11775,237,17,0.5806
11776,237,17,0.2527
11777,237,17,0.7667
11778,237,17,0.7760
11779,237,17,0.0856
11780,237,17,0.5344
12335,239,43,0.8824
12336,239,43,0.9633
12337,239,43,0.9733
12338,239,43,0.9767
12339,239,43,0.8108
12340,239,43,0.7107
12341,239,43,0.7869
12342,239,43,0.7482
12343,239,43,0.0586
12344,239,43,0.9650
10247,235,107,0.8496
10248,235,107,0.0580
10249,235,107,0.9248
10250,235,107,0.9892
10251,235,107,0.9945
10252,235,107,0.9859
10253,235,107,0.9887
10254,235,107,0.9922
10255,235,107,0.9955
10256,235,107,0.9951
10978,236,17,0.3367
10979,236,17,0.7226
11781,237,17,0.4088
11782,237,17,0.6502
11783,237,17,0.2250
11784,237,17,0.3200
11785,237,17,0.7320
11786,237,17,0.7316
11787,237,17,0.9132
11788,237,17,0.2354
11789,237,17,0.4988
11790,237,17,0.4934
12345,239,17,0.6524
12346,239,17,0.3009
12347,239,17,0.9177
12348,239,17,0.8432
12349,239,17,0.9420
12350,239,17,0.9695
12351,239,17,0.9863
12352,239,17,0.9861
12353,239,17,0.9802
12354,239,17,0.9863
10257,235,107,0.8206
10258,235,107,0.5403
10259,235,107,0.9255
10260,235,107,0.9536
10261,235,107,0.9795
10262,235,107,0.9868
10263,235,107,0.9902
10264,235,107,0.9779
10265,235,107,0.9901
10266,235,107,0.9924
10980,236,17,0.1820
10981,236,17,0.4111
11791,237,17,0.4246
11792,237,17,0.2279
11793,237,17,0.5040
11794,237,17,0.7624
11795,237,17,0.8435
11796,237,17,0.0627
11797,237,17,0.6295
11798,237,17,0.3475
11799,237,17,0.3558
11800,237,17,0.6629
12355,239,17,0.9537
12356,239,17,0.6870
12357,239,17,0.5682
12358,239,17,0.9830
12359,239,17,0.9769
12360,239,17,0.9250
12361,239,17,0.8930
12362,239,17,0.7954
12363,239,17,0.5844
12364,239,17,0.8768
10267,235,107,0.9349
10268,235,107,0.2136
10269,235,107,0.6231
10270,235,107,0.5661
10271,235,107,0.7935
10272,235,107,0.8865
10273,235,107,0.8674
10274,235,107,0.9513
10275,235,107,0.9713
10276,235,107,0.9750
10982,236,17,0.8016
10983,236,17,0.8244
11801,237,17,0.1450
11802,237,17,0.8334
11803,237,17,0.1708
11804,237,17,0.3145
11805,237,17,0.2491
11806,237,17,0.4934
11807,237,17,0.7443
11808,237,17,0.5822
11809,237,17,0.3367
11810,237,17,0.4637
12365,239,17,0.6607
12366,239,17,0.7001
12367,239,17,0.8623
12368,239,17,0.2930
12369,239,17,0.4908
12370,239,17,0.9265
12371,239,17,0.9418
12372,239,17,0.8275
12373,239,17,0.9703
12374,239,17,0.9652
10277,235,107,0.9574
10278,235,107,0.9626
10279,235,107,0.9747
10280,235,107,0.9698
10281,235,107,0.9821
10282,235,107,0.9672
10283,235,107,0.9791
10284,235,107,0.9784
10285,235,107,0.9852
10984,236,43,0.0254
11811,237,17,0.2924
11812,237,17,0.8890
11813,237,17,0.0413
11814,237,17,0.3176
11815,237,17,0.8013
11816,237,17,0.1935
11817,237,17,0.5013
11818,237,17,0.4968
11819,237,17,0.2519
11820,237,17,0.5656
12375,239,17,0.8270
12376,239,17,0.9053
12377,239,17,0.8951
12378,239,17,0.9746
12379,239,17,0.8387
12380,239,17,0.9699
12381,239,17,0.9149
12382,239,17,0.9834
12383,239,17,0.8125
12384,239,17,0.9300
10286,235,43,0.9657
10287,235,43,0.9566
10288,235,43,0.6999
10289,235,43,0.1489
10290,235,43,0.5278
10291,235,43,0.8933
10292,235,43,0.9181
10293,235,43,0.9549
10294,235,43,0.8590
10295,235,43,0.5782
10985,236,17,0.7586
10986,236,17,0.7680
11821,237,17,0.3150
11822,237,17,0.3574
11823,237,17,0.8145
11824,237,17,0.1076
11825,237,17,0.7045
12385,239,17,0.9030
12386,239,17,0.8067
12387,239,17,0.9789
12388,239,17,0.5424
12389,239,17,0.8382
12390,239,17,0.6756
12391,239,17,0.0399
10296,235,17,0.6447
10297,235,17,0.3642
10298,235,17,0.9134
10299,235,17,0.2801
10300,235,17,0.9389
10301,235,17,0.9815
10302,235,17,0.9928
10303,235,17,0.9947
10304,235,17,0.9945
10305,235,17,0.9953
10987,236,17,0.8875
10988,236,17,0.7418
10989,236,17,0.5175
10990,236,17,0.0790
11826,237,17,0.0559
11827,237,17,0.2931
11828,237,17,0.9034
11829,237,17,0.9100
11830,237,17,0.7722
11831,237,17,0.9116
11832,237,17,0.8826
11833,237,17,0.9307
11834,237,17,0.7864
11835,237,17,0.0743
12392,239,17,0.9405
12393,239,17,0.9318
12394,239,17,0.9378
12395,239,17,0.5471
12396,239,17,0.9664
12397,239,17,0.2741
12398,239,17,0.3140
12399,239,17,0.7697
12400,239,17,0.4904
12401,239,17,0.9783
10306,235,17,0.7393
10307,235,17,0.9844
10308,235,17,0.8991
10309,235,17,0.5679
10310,235,17,0.4911
10311,235,17,0.8509
10312,235,17,0.9592
10313,235,17,0.9690
10314,235,17,0.2977
10315,235,17,0.9414
10991,236,17,0.9269
10992,236,17,0.3127
10993,236,17,0.0195
10994,236,17,0.3693
10995,236,17,0.6940
11836,237,17,0.4564
11837,237,17,0.7644
11838,237,17,0.8113
11839,237,17,0.7193
11840,237,17,0.3756
11841,237,17,0.7157
11842,237,17,0.9468
11843,237,17,0.9569
11844,237,17,0.9125
11845,237,17,0.4998
12402,239,17,0.8950
12403,239,17,0.9703
12404,239,17,0.5601
12405,239,17,0.9582
12406,239,17,0.5851
12407,239,17,0.0369
10316,235,17,0.1930
10317,235,17,0.6997
10996,236,17,0.7319
10997,236,17,0.8077
10998,236,17,0.9843
10999,236,17,0.9089
11000,236,17,0.8017
11001,236,17,0.7940
11002,236,17,0.7215
11003,236,17,0.4257
11846,237,17,0.1679
11847,237,17,0.3227
11848,237,17,0.8615
11849,237,17,0.8577
11850,237,17,0.9896
11851,237,17,0.9864
11852,237,17,0.9886
11853,237,17,0.9909
11854,237,17,0.9903
11855,237,17,0.9684
12408,239,17,0.2296
12409,239,17,0.3820
12410,239,17,0.2625
10318,235,17,0.6154
10319,235,17,0.5279
10320,235,17,0.4072
11004,236,17,0.3125
11005,236,17,0.3560
11006,236,17,0.2723
11856,237,17,0.5605
11857,237,17,0.7029
11858,237,17,0.9188
11859,237,17,0.7690
11860,237,17,0.8270
11861,237,17,0.8226
11862,237,17,0.9601
11863,237,17,0.9831
11864,237,17,0.9830
12411,239,17,0.9303
12412,239,17,0.7510
10321,235,17,0.4966
10322,235,17,0.6214
11007,236,17,0.7546
11008,236,17,0.9854
11009,236,17,0.1672
11010,236,17,0.1303
11011,236,17,0.1832
11865,237,93,0.1963
11866,237,93,0.6629
11867,237,93,0.6717
11868,237,93,0.8076
11869,237,93,0.9223
11870,237,93,0.7473
11871,237,93,0.9164
11872,237,93,0.6129
11873,237,93,0.1156
11874,237,93,0.4488
12413,239,17,0.8015
12414,239,17,0.9745
12415,239,17,0.4484
12416,239,17,0.9046
12417,239,17,0.4111
12418,239,17,0.9513
12419,239,17,0.5238
12420,239,17,0.0822
10323,235,17,0.5923
10324,235,17,0.9543
10325,235,17,0.5591
10326,235,17,0.7334
11012,236,17,0.3270
11013,236,17,0.9656
11014,236,17,0.1937
11015,236,17,0.2109
11016,236,17,0.4871
11017,236,17,0.2587
11875,237,93,0.6288
11876,237,93,0.6312
11877,237,93,0.1732
11878,237,93,0.3525
11879,237,93,0.6427
11880,237,93,0.7898
11881,237,93,0.9149
11882,237,93,0.7204
11883,237,93,0.9261
11884,237,93,0.6029
12421,239,17,0.7596
12422,239,17,0.3516
12423,239,17,0.5737
12424,239,17,0.0926
10327,235,107,0.0366
11018,236,17,0.5678
11019,236,17,0.7443
11020,236,17,0.8446
11021,236,17,0.7749
11022,236,17,0.8549
11023,236,17,0.9755
11024,236,17,0.8151
11025,236,17,0.5969
11026,236,17,0.6922
11027,236,17,0.5710
11885,237,93,0.4315
11886,237,93,0.3770
11887,237,93,0.8317
11888,237,93,0.8781
11889,237,93,0.8196
11890,237,93,0.0939
11891,237,93,0.4288
11892,237,93,0.6144
11893,237,93,0.5697
11894,237,93,0.2980
12425,239,17,0.8229
12426,239,17,0.6636
10328,235,17,0.4403
10329,235,17,0.4187
10330,235,17,0.1928
11028,236,17,0.1522
11029,236,17,0.3769
11895,237,93,0.8887
11896,237,93,0.1282
11897,237,93,0.7996
12427,239,17,0.3786
12428,239,17,0.6443
10331,235,17,0.7566
10332,235,17,0.5241
10333,235,17,0.9819
10334,235,17,0.6572
10335,235,17,0.0456
10336,235,17,0.2679
10337,235,17,0.3555
10338,235,17,0.9478
10339,235,17,0.9822
10340,235,17,0.9874
11030,236,17,0.1660
11031,236,17,0.5754
11898,237,93,0.8183
11899,237,93,0.3849
11900,237,93,0.8539
11901,237,93,0.8829
11902,237,93,0.8321
11903,237,93,0.7947
11904,237,93,0.7366
11905,237,93,0.8715
11906,237,93,0.8838
11907,237,93,0.9356
12429,239,17,0.6645
12430,239,17,0.8001
10341,235,17,0.4706
10342,235,17,0.5981
10343,235,17,0.7814
10344,235,17,0.7235
10345,235,17,0.9436
10346,235,17,0.4893
10347,235,17,0.9487
10348,235,17,0.4622
10349,235,17,0.8539
10350,235,17,0.9214
11032,236,17,0.5083
11033,236,17,0.8929
11908,237,93,0.5317
11909,237,93,0.3000
11910,237,93,0.6395
11911,237,93,0.2864
11912,237,93,0.5370
11913,237,93,0.3143
11914,237,93,0.3774
11915,237,93,0.5243
11916,237,93,0.8798
11917,237,93,0.4175
12431,239,17,0.8258
12432,239,17,0.5531
12433,239,17,0.9734
12434,239,17,0.9792
12435,239,17,0.8942
12436,239,17,0.9839
12437,239,17,0.9814
12438,239,17,0.9802
12439,239,17,0.9678
12440,239,17,0.5473
10351,235,17,0.5613
10352,235,17,0.9252
10353,235,17,0.9560
10354,235,17,0.7313
10355,235,17,0.9044
10356,235,17,0.3752
10357,235,17,0.1573
10358,235,17,0.9133
10359,235,17,0.7905
10360,235,17,0.4151
11034,236,17,0.6400
11035,236,17,0.0283
11036,236,17,0.8773
11918,237,93,0.1746
11919,237,93,0.2077
11920,237,93,0.3538
12441,239,17,0.7157
12442,239,17,0.6742
10361,235,17,0.9404
10362,235,17,0.9686
10363,235,17,0.9371
10364,235,17,0.5782
10365,235,17,0.0571
10366,235,17,0.8805
10367,235,17,0.5577
10368,235,17,0.9383
10369,235,17,0.8813
10370,235,17,0.8914
11037,236,17,0.9253
11038,236,17,0.0321
11039,236,17,0.1762
11040,236,17,0.4391
11921,237,17,0.1453
12443,239,17,0.7388
12444,239,17,0.6547
10371,235,17,0.8470
10372,235,17,0.5307
10373,235,17,0.5529
10374,235,17,0.7417
10375,235,17,0.9031
10376,235,17,0.9638
10377,235,17,0.9814
10378,235,17,0.9915
10379,235,17,0.9937
10380,235,17,0.9941
11041,236,17,0.8951
11042,236,17,0.6210
11043,236,17,0.9703
11044,236,17,0.9455
11045,236,17,0.5876
11046,236,17,0.1343
11047,236,17,0.2124
11048,236,17,0.2684
11922,237,93,0.4353
11923,237,93,0.6962
11924,237,93,0.1246
11925,237,93,0.6875
11926,237,93,0.7368
11927,237,93,0.6563
11928,237,93,0.7792
11929,237,93,0.8729
11930,237,93,0.9347
11931,237,93,0.9688
12445,239,17,0.9638
12446,239,17,0.7489
10381,235,17,0.5545
10382,235,17,0.9219
10383,235,17,0.9690
10384,235,17,0.9846
10385,235,17,0.9922
10386,235,17,0.9963
10387,235,17,0.9946
10388,235,17,0.9973
10389,235,17,0.0037
10390,235,17,0.9946
11049,236,17,0.6112
11050,236,17,0.4836
11051,236,17,0.3437
11052,236,17,0.9554
11932,237,93,0.0923
11933,237,93,0.7062
11934,237,93,0.1879
11935,237,93,0.5193
11936,237,93,0.3180
11937,237,93,0.5158
11938,237,93,0.6931
11939,237,93,0.0780
12447,239,17,0.5664
12448,239,17,0.8452
12449,239,17,0.7919
12450,239,17,0.3855
12451,239,17,0.7890
12452,239,17,0.9702
12453,239,17,0.9640
12454,239,17,0.9820
12455,239,17,0.3517
12456,239,17,0.4225
10391,235,17,0.3528
10392,235,17,0.3156
10393,235,17,0.4712
10394,235,17,0.8227
10395,235,17,0.9617
10396,235,17,0.9866
10397,235,17,0.9901
10398,235,17,0.9884
10399,235,17,0.9928
10400,235,17,0.9932
11053,236,17,0.2482
11054,236,17,0.7882
11940,237,93,0.6614
11941,237,93,0.2867
11942,237,93,0.4954
11943,237,93,0.8359
11944,237,93,0.5668
11945,237,93,0.9324
11946,237,93,0.1322
11947,237,93,0.4982
11948,237,93,0.3099
12457,239,17,0.9667
12458,239,17,0.9770
12459,239,17,0.9685
12460,239,17,0.8856
12461,239,17,0.6186
12462,239,17,0.4217
12463,239,17,0.8506
12464,239,17,0.0716
10401,235,17,0.6218
10402,235,17,0.5805
10403,235,17,0.9641
10404,235,17,0.5878
10405,235,17,0.4728
10406,235,17,0.3099
10407,235,17,0.9123
10408,235,17,0.9729
10409,235,17,0.9859
10410,235,17,0.9915
11055,236,17,0.9650
11056,236,17,0.8977
11057,236,17,0.4199
11949,237,93,0.6725
11950,237,93,0.9700
11951,237,93,0.9852
11952,237,93,0.9822
11953,237,93,0.8374
11954,237,93,0.9821
11955,237,93,0.8750
11956,237,93,0.8898
11957,237,93,0.9540
12465,239,17,0.7553
12466,239,17,0.3843
12467,239,17,0.7457
12468,239,17,0.9192
12469,239,17,0.7205
12470,239,17,0.5748
12471,239,17,0.2876
10411,235,17,0.5778
10412,235,17,0.7467
10413,235,17,0.5694
10414,235,17,0.4833
10415,235,17,0.9146
10416,235,17,0.9757
10417,235,17,0.9904
10418,235,17,0.9950
10419,235,17,0.9964
10420,235,17,0.9969
11058,236,17,0.7699
11059,236,17,0.7413
11060,236,17,0.9742
11061,236,17,0.2919
11062,236,17,0.6758
11063,236,17,0.1425
11958,237,43,0.0423
11959,237,43,0.5959
12472,239,17,0.6322
12473,239,17,0.9557
12474,239,17,0.7993
12475,239,17,0.5545
12476,239,17,0.6739
12477,239,17,0.1899
12478,239,17,0.7385
12479,239,17,0.5532
12480,239,17,0.5298
12481,239,17,0.9479
10421,235,17,0.6121
10422,235,17,0.6708
10423,235,17,0.9655
10424,235,17,0.9644
10425,235,17,0.9814
10426,235,17,0.9560
10427,235,17,0.9526
10428,235,17,0.9785
10429,235,17,0.9765
10430,235,17,0.2218
11064,236,17,0.8752
11065,236,17,0.9853
11066,236,17,0.2016
11960,237,43,0.8980
11961,237,43,0.1115
12482,239,17,0.7626
12483,239,17,0.2598
12484,239,17,0.3000
12485,239,17,0.7663
12486,239,17,0.9773
12487,239,17,0.9846
12488,239,17,0.8934
12489,239,17,0.7467
12490,239,17,0.8613
12491,239,17,0.5165
10431,235,17,0.9570
10432,235,17,0.9400
10433,235,17,0.9639
10434,235,17,0.9854
10435,235,17,0.9936
10436,235,17,0.9944
10437,235,17,0.9945
10438,235,17,0.9957
10439,235,17,0.9956
10440,235,17,0.9957
11067,236,17,0.4942
11068,236,17,0.6024
12492,239,17,0.8715
12493,239,17,0.5862
12494,239,17,0.5174
12495,239,17,0.9775
12496,239,17,0.9299
12497,239,17,0.4013
12498,239,17,0.2883
12499,239,17,0.5626
12500,239,17,0.6061
12501,239,17,0.9454
12609,240,132,0.8069
12610,240,132,0.4844
12611,240,132,0.7078
12612,240,132,0.8166
12613,240,132,0.7244
12614,240,132,0.8761
12615,240,132,0.8769
12616,240,132,0.1215
12617,240,132,0.9084
12618,240,132,0.8117
10441,235,17,0.5226
10442,235,17,0.6552
10443,235,17,0.5592
11069,236,17,0.6207
11070,236,17,0.2268
11071,236,17,0.1722
12502,239,17,0.8611
12503,239,17,0.4149
12504,239,17,0.7395
12505,239,17,0.6517
12619,240,132,0.9720
12620,240,132,0.8879
12621,240,132,0.9765
12622,240,132,0.9136
12623,240,132,0.9043
12624,240,132,0.8512
12625,240,132,0.9833
12626,240,132,0.9702
12627,240,132,0.9784
12628,240,132,0.9901
10444,235,17,0.8685
10445,235,17,0.6649
10446,235,17,0.7652
10447,235,17,0.1379
10448,235,17,0.3365
10449,235,17,0.6345
10450,235,17,0.8462
10451,235,17,0.9491
10452,235,17,0.9842
10453,235,17,0.9924
11072,236,17,0.2156
11073,236,17,0.5532
12506,239,17,0.6070
12507,239,17,0.9792
12508,239,17,0.9808
12509,239,17,0.9808
12510,239,17,0.9689
12511,239,17,0.9678
12512,239,17,0.9004
12513,239,17,0.8643
12514,239,17,0.9445
12515,239,17,0.9729
12629,240,23,0.6823
12630,240,23,0.4053
12631,240,23,0.5927
12632,240,23,0.8086
12633,240,23,0.8249
12634,240,23,0.7739
12635,240,23,0.3589
12636,240,23,0.9088
12637,240,23,0.9506
12638,240,23,0.9442
10454,235,17,0.8603
10455,235,17,0.7849
10456,235,17,0.4260
10457,235,17,0.1841
10458,235,17,0.4909
10459,235,17,0.7509
10460,235,17,0.9070
10461,235,17,0.9662
10462,235,17,0.9871
10463,235,17,0.9934
11074,236,17,0.4436
11075,236,17,0.7368
12516,239,17,0.7537
12517,239,17,0.2866
12518,239,17,0.3677
12519,239,17,0.4417
12520,239,17,0.8579
12521,239,17,0.5890
12522,239,17,0.3892
12523,239,17,0.9635
12524,239,17,0.9811
12525,239,17,0.0227
12639,240,23,0.9781
12640,240,23,0.9515
12641,240,23,0.5697
12642,240,23,0.9598
12643,240,23,0.5905
12644,240,23,0.9558
12645,240,23,0.8094
12646,240,23,0.7675
12647,240,23,0.3934
12648,240,23,0.6387
10464,235,17,0.3568
10465,235,17,0.3217
10466,235,17,0.3924
10467,235,17,0.8507
10468,235,17,0.5727
10469,235,17,0.6011
10470,235,17,0.6871
10471,235,17,0.8665
10472,235,17,0.5730
10473,235,17,0.9179
11076,236,17,0.2189
11077,236,17,0.6081
12526,239,17,0.4651
12527,239,17,0.9476
12528,239,17,0.9739
12529,239,17,0.0297
12530,239,17,0.8689
12531,239,17,0.9622
12532,239,17,0.8241
12533,239,17,0.0690
12534,239,17,0.9030
12535,239,17,0.3399
12649,240,23,0.8926
12650,240,23,0.2567
12651,240,23,0.9751
12652,240,23,0.0184
12653,240,23,0.8279
12654,240,23,0.4325
12655,240,23,0.0207
12656,240,23,0.4734
12657,240,23,0.7415
12658,240,23,0.8142
10474,235,17,0.1653
10475,235,17,0.2396
10476,235,17,0.8235
10477,235,17,0.8409
10478,235,17,0.9211
10479,235,17,0.9667
10480,235,17,0.9906
10481,235,17,0.9938
10482,235,17,0.9922
10483,235,17,0.9946
11078,236,17,0.8573
11079,236,17,0.9738
11080,236,17,0.9718
11081,236,17,0.4049
11082,236,17,0.8911
11083,236,17,0.7602
11084,236,17,0.8943
11085,236,17,0.4209
11086,236,17,0.4771
12536,239,17,0.2383
12537,239,17,0.5669
12659,240,23,0.7710
12660,240,23,0.2377
12661,240,23,0.5799
12662,240,23,0.1173
12663,240,23,0.7637
12664,240,23,0.7454
12665,240,23,0.6306
12666,240,23,0.9760
12667,240,23,0.9734
12668,240,23,0.9767
10484,235,17,0.7678
10485,235,17,0.6309
10486,235,17,0.9789
10487,235,17,0.7879
10488,235,17,0.7333
10489,235,17,0.8159
10490,235,17,0.9574
10491,235,17,0.9864
10492,235,17,0.9944
10493,235,17,0.9947
11087,236,17,0.8364
11088,236,17,0.9523
11089,236,17,0.5035
11090,236,17,0.9244
11091,236,17,0.9301
11092,236,17,0.6185
11093,236,17,0.9549
11094,236,17,0.9178
11095,236,17,0.9912
11096,236,17,0.9950
12538,239,17,0.5973
12669,240,23,0.9047
12670,240,23,0.4086
12671,240,23,0.6621
12672,240,23,0.6021
12673,240,23,0.8171
12674,240,23,0.2988
12675,240,23,0.0237
12676,240,23,0.7208
12677,240,23,0.5497
12678,240,23,0.6274
10494,235,17,0.0760
10495,235,17,0.3473
10496,235,17,0.8879
10497,235,17,0.9309
10498,235,17,0.9233
10499,235,17,0.9710
10500,235,17,0.9914
10501,235,17,0.9932
10502,235,17,0.9933
10503,235,17,0.9943
11097,236,17,0.9028
11098,236,17,0.6037
11099,236,17,0.4031
12539,239,17,0.9288
12540,239,17,0.2145
12541,239,17,0.7135
12542,239,17,0.8454
12543,239,17,0.1328
12544,239,17,0.8153
12679,240,23,0.8750
12680,240,23,0.9695
12681,240,23,0.2213
12682,240,23,0.8940
12683,240,23,0.9897
12684,240,23,0.9941
12685,240,23,0.9954
12686,240,23,0.9954
12687,240,23,0.9952
12688,240,23,0.9957
10504,235,17,0.7416
10505,235,17,0.2094
10506,235,17,0.3168
10507,235,17,0.7981
10508,235,17,0.8676
10509,235,17,0.9429
10510,235,17,0.9808
10511,235,17,0.9889
10512,235,17,0.9910
10513,235,17,0.9910
11100,236,17,0.7916
11101,236,17,0.9448
11102,236,17,0.9630
11103,236,17,0.9813
11104,236,17,0.6058
11105,236,17,0.6326
11106,236,17,0.7516
12545,239,17,0.4383
12546,239,17,0.5512
12689,240,23,0.6091
12690,240,23,0.6598
12691,240,23,0.3013
12692,240,23,0.8820
12693,240,23,0.8206
12694,240,23,0.9653
12695,240,23,0.7463
12696,240,23,0.6439
12697,240,23,0.9028
12698,240,23,0.9136
10514,235,17,0.5635
10515,235,17,0.0191
10516,235,17,0.8362
11107,236,17,0.9070
11108,236,17,0.4387
11109,236,17,0.2146
11110,236,17,0.4629
11111,236,17,0.9112
11112,236,17,0.0479
11113,236,17,0.2059
11114,236,17,0.0464
12547,239,132,0.2007
12699,240,23,0.4552
12700,240,23,0.9733
10517,235,17,0.6723
10518,235,17,0.9763
10519,235,17,0.8471
10520,235,17,0.7481
10521,235,17,0.5941
10522,235,17,0.8896
10523,235,17,0.9842
10524,235,17,0.9069
10525,235,17,0.9678
10526,235,17,0.9800
11115,236,17,0.6761
11116,236,17,0.7182
11117,236,17,0.9765
11118,236,17,0.5358
11119,236,17,0.9767
11120,236,17,0.0241
11121,236,17,0.9089
11122,236,17,0.8846
11123,236,17,0.7119
12548,239,17,0.7620
12701,240,23,0.6927
12702,240,23,0.2015
12703,240,23,0.2110
12704,240,23,0.9024
12705,240,23,0.2883
12706,240,23,0.9415
12707,240,23,0.9914
12708,240,23,0.9950
12709,240,23,0.9947
12710,240,23,0.9958
10527,235,17,0.8622
10528,235,17,0.8305
10529,235,17,0.7845
10530,235,17,0.5911
10531,235,17,0.6784
10532,235,17,0.5580
10533,235,17,0.9038
10534,235,17,0.9834
10535,235,17,0.9892
10536,235,17,0.9935
11124,236,17,0.4021
11125,236,17,0.7484
11126,236,17,0.8484
11127,236,17,0.8463
11128,236,17,0.9716
11129,236,17,0.7980
11130,236,17,0.2303
11131,236,17,0.9800
11132,236,17,0.9747
11133,236,17,0.9527
12549,239,17,0.8456
12550,239,17,0.6133
12551,239,17,0.8524
12552,239,17,0.9750
12553,239,17,0.3132
12554,239,17,0.4142
12555,239,17,0.9384
12556,239,17,0.9497
12557,239,17,0.1815
12558,239,17,0.2503
12711,240,23,0.4611
12712,240,23,0.6150
12713,240,23,0.9352
12714,240,23,0.9580
12715,240,23,0.6467
12716,240,23,0.2323
12717,240,23,0.7854
12718,240,23,0.9229
12719,240,23,0.8053
12720,240,23,0.6561
10537,235,17,0.0632
10538,235,17,0.0881
10539,235,17,0.5373
10540,235,17,0.7410
10541,235,17,0.8624
10542,235,17,0.9557
10543,235,17,0.9861
10544,235,17,0.9903
10545,235,17,0.9914
10546,235,17,0.9915
11134,236,17,0.5308
11135,236,17,0.7689
12559,239,17,0.9680
12560,239,17,0.9853
12561,239,17,0.5863
12562,239,17,0.9794
12563,239,17,0.4875
12564,239,17,0.8037
12565,239,17,0.6860
12566,239,17,0.8874
12567,239,17,0.8297
12568,239,17,0.8832
12721,240,23,0.5964
12722,240,23,0.2151
12723,240,23,0.6543
12724,240,23,0.9610
12725,240,23,0.9834
12726,240,23,0.8540
12727,240,23,0.8417
12728,240,23,0.8155
12729,240,23,0.9733
12730,240,23,0.9705
10547,235,17,0.8159
10548,235,17,0.8711
10549,235,17,0.9316
10550,235,17,0.9818
10551,235,17,0.9929
10552,235,17,0.9957
10553,235,17,0.9964
10554,235,17,0.9971
10555,235,17,0.9974
10556,235,17,0.9972
11136,236,17,0.6960
11137,236,17,0.9476
11138,236,17,0.9431
11139,236,17,0.8158
11140,236,17,0.9744
11141,236,17,0.9767
11142,236,17,0.9026
12569,239,17,0.4215
12570,239,17,0.9742
12571,239,17,0.9726
12572,239,17,0.9693
12573,239,17,0.0951
12574,239,17,0.9172
12575,239,17,0.8257
12576,239,17,0.5779
12577,239,17,0.3251
12578,239,17,0.9277
12731,240,23,0.7183
12732,240,23,0.2122
12733,240,23,0.6345
12734,240,23,0.9397
12735,240,23,0.9385
12736,240,23,0.9437
12737,240,23,0.9740
12738,240,23,0.9853
12739,240,23,0.9832
12740,240,23,0.8873
10557,235,17,0.4184
10558,235,17,0.6203
10559,235,17,0.9249
10560,235,17,0.9710
10561,235,17,0.9903
10562,235,17,0.9915
10563,235,17,0.9919
10564,235,17,0.9917
10565,235,17,0.9917
10566,235,17,0.9920
11143,236,17,0.6051
11144,236,17,0.9717
11145,236,17,0.1572
11146,236,17,0.0460
11147,236,17,0.9661
11148,236,17,0.9706
11149,236,17,0.9707
11150,236,17,0.9338
11151,236,17,0.5270
11152,236,17,0.9762
12579,239,17,0.9736
12580,239,17,0.9481
12581,239,17,0.9153
12582,239,17,0.7485
12583,239,17,0.1697
12584,239,17,0.8663
12585,239,17,0.6004
12586,239,17,0.9683
12587,239,17,0.9781
12588,239,17,0.9853
12741,240,23,0.9322
12742,240,23,0.2261
12743,240,23,0.9553
12744,240,23,0.9899
12745,240,23,0.9942
12746,240,23,0.9953
12747,240,23,0.9957
12748,240,23,0.9953
12749,240,23,0.9957
12750,240,23,0.9951
10567,235,17,0.0590
10568,235,17,0.8621
10569,235,17,0.8721
10570,235,17,0.9038
10571,235,17,0.8644
10572,235,17,0.9176
10573,235,17,0.7659
10574,235,17,0.4118
10575,235,17,0.8561
11153,236,17,0.3844
11154,236,17,0.9761
11155,236,17,0.5144
11156,236,17,0.2461
11157,236,17,0.9036
11158,236,17,0.9853
11159,236,17,0.9838
11160,236,17,0.9944
11161,236,17,0.9951
11162,236,17,0.9955
12589,239,93,0.5500
12590,239,93,0.9612
12591,239,93,0.3581
12592,239,93,0.8708
12593,239,93,0.4811
12594,239,93,0.3486
12595,239,93,0.9626
12596,239,93,0.9831
12597,239,93,0.8911
12598,239,93,0.9769
12751,240,23,0.3659
12752,240,23,0.6258
12753,240,23,0.5723
12754,240,23,0.7660
12755,240,23,0.9040
12756,240,23,0.8675
12757,240,23,0.8843
12758,240,23,0.7496
12759,240,23,0.8685
12760,240,23,0.6638
10576,235,93,0.9431
10577,235,93,0.9158
10578,235,93,0.9243
10579,235,93,0.8881
10580,235,93,0.9774
10581,235,93,0.9193
10582,235,93,0.8621
10583,235,93,0.9289
10584,235,93,0.7321
11163,236,17,0.9729
11164,236,17,0.9860
11165,236,17,0.9832
11166,236,17,0.9234
11167,236,17,0.9775
11168,236,17,0.4090
11169,236,17,0.8091
11170,236,17,0.9488
11171,236,17,0.9616
11172,236,17,0.9541
12599,239,93,0.8817
12600,239,93,0.7698
12601,239,93,0.9855
12602,239,93,0.8401
12603,239,93,0.3107
12604,239,93,0.4603
12605,239,93,0.7542
12606,239,93,0.9403
12607,239,93,0.9703
12608,239,93,0.9875
12761,240,23,0.3139
12762,240,23,0.2647
12763,240,23,0.9486
12764,240,23,0.7016
12765,240,23,0.5196
12766,240,23,0.2215
12767,240,23,0.6227
12768,240,23,0.7841
12769,240,23,0.6107
12770,240,23,0.8432
11173,236,17,0.2829
11174,236,17,0.0965
11175,236,17,0.9232
11176,236,17,0.6416
11177,236,17,0.8605
11178,236,17,0.7395
11179,236,17,0.2093
11180,236,17,0.0877
12771,240,23,0.5484
12772,240,23,0.2128
12773,240,23,0.9134
12774,240,23,0.0597
12775,240,23,0.9611
12776,240,23,0.9775
12777,240,23,0.9913
12778,240,23,0.9946
12779,240,23,0.9955
12780,240,23,0.9959
13100,241,132,0.9075
13101,241,132,0.9608
13102,241,132,0.7978
13103,241,132,0.8957
13104,241,132,0.6609
13105,241,132,0.8587
13106,241,132,0.9773
13107,241,132,0.9841
13108,241,132,0.9793
13109,241,132,0.9487
13720,242,132,0.7365
13721,242,132,0.9540
13722,242,132,0.9435
13723,242,132,0.9650
13724,242,132,0.9817
13725,242,132,0.7533
13726,242,132,0.7163
13727,242,132,0.9841
13728,242,132,0.0660
13729,242,132,0.8089
11181,236,17,0.3569
11182,236,17,0.4603
12781,240,23,0.8087
12782,240,23,0.3457
12783,240,23,0.9587
12784,240,23,0.9820
12785,240,23,0.9759
12786,240,23,0.8841
12787,240,23,0.6654
12788,240,23,0.9051
12789,240,23,0.8140
12790,240,23,0.9024
13110,241,132,0.9660
13111,241,132,0.9848
13112,241,132,0.9620
13113,241,132,0.9797
13114,241,132,0.9813
13115,241,132,0.6417
13116,241,132,0.9558
13117,241,132,0.9159
13118,241,132,0.1772
13119,241,132,0.9838
13730,242,23,0.8016
13731,242,23,0.9413
13732,242,23,0.6884
13733,242,23,0.5756
13734,242,23,0.8693
13735,242,23,0.2477
13736,242,23,0.7194
13737,242,23,0.6028
13738,242,23,0.8221
13739,242,23,0.9737
11183,236,17,0.4941
11184,236,17,0.6198
12791,240,23,0.8256
12792,240,23,0.0528
12793,240,23,0.6654
12794,240,23,0.5655
12795,240,23,0.5514
12796,240,23,0.8817
12797,240,23,0.9508
12798,240,23,0.9936
12799,240,23,0.9852
12800,240,23,0.7926
13120,241,132,0.9843
13121,241,132,0.4449
13122,241,132,0.9833
13123,241,132,0.9727
13124,241,132,0.9880
13125,241,132,0.9089
13126,241,132,0.1771
13127,241,132,0.2204
13128,241,132,0.8991
13129,241,132,0.9904
13740,242,23,0.7346
13741,242,23,0.8192
13742,242,23,0.9591
13743,242,23,0.9737
13744,242,23,0.7189
13745,242,23,0.5901
13746,242,23,0.7020
13747,242,23,0.4130
13748,242,23,0.7951
13749,242,23,0.9268
11185,236,17,0.1013
11186,236,17,0.4406
12801,240,23,0.7266
12802,240,23,0.9876
12803,240,23,0.9345
12804,240,23,0.7416
12805,240,23,0.1129
12806,240,23,0.5692
12807,240,23,0.7725
12808,240,23,0.9734
12809,240,23,0.9595
12810,240,23,0.9856
13130,241,132,0.8170
13131,241,132,0.9841
13132,241,132,0.9890
13133,241,132,0.9778
13134,241,132,0.8956
13135,241,132,0.9782
13136,241,132,0.7040
13137,241,132,0.6102
13138,241,132,0.9695
13139,241,132,0.9769
13750,242,23,0.6284
13751,242,23,0.6977
13752,242,23,0.7783
11187,236,17,0.5359
11188,236,17,0.8311
12811,240,23,0.9562
12812,240,23,0.0582
12813,240,23,0.8533
12814,240,23,0.9722
12815,240,23,0.4663
12816,240,23,0.3197
12817,240,23,0.9598
12818,240,23,0.9855
12819,240,23,0.9852
12820,240,23,0.9862
13140,241,23,0.4568
13141,241,23,0.2270
13142,241,23,0.9539
13143,241,23,0.9798
13144,241,23,0.9928
13145,241,23,0.9954
13146,241,23,0.9954
13147,241,23,0.9958
13148,241,23,0.9958
13149,241,23,0.9953
13753,242,23,0.4676
13754,242,23,0.6674
13755,242,23,0.8039
13756,242,23,0.9354
13757,242,23,0.1841
13758,242,23,0.1737
13759,242,23,0.6754
13760,242,23,0.4081
13761,242,23,0.9177
13762,242,23,0.6686
11189,236,17,0.9480
11190,236,17,0.6504
11191,236,17,0.7222
12821,240,23,0.9024
12822,240,23,0.5668
12823,240,23,0.5607
12824,240,23,0.5714
12825,240,23,0.9542
12826,240,23,0.9826
12827,240,23,0.8610
12828,240,23,0.1941
12829,240,23,0.8857
12830,240,23,0.9794
13150,241,23,0.8758
13151,241,23,0.9907
13152,241,23,0.9834
13153,241,23,0.7424
13154,241,23,0.6539
13155,241,23,0.8745
13156,241,23,0.9361
13157,241,23,0.5006
13158,241,23,0.8260
13159,241,23,0.9060
13763,242,23,0.6548
13764,242,23,0.1045
13765,242,23,0.9384
13766,242,23,0.8629
13767,242,23,0.9321
13768,242,23,0.9862
13769,242,23,0.9939
13770,242,23,0.9951
13771,242,23,0.9958
13772,242,23,0.9956
11192,236,17,0.5653
11193,236,17,0.7448
12831,240,23,0.9162
12832,240,23,0.5530
12833,240,23,0.8087
12834,240,23,0.2248
12835,240,23,0.5061
12836,240,23,0.9506
12837,240,23,0.9541
12838,240,23,0.9944
12839,240,23,0.9956
12840,240,23,0.9959
13160,241,23,0.6762
13161,241,23,0.9585
13162,241,23,0.6547
13163,241,23,0.0432
13164,241,23,0.5929
13165,241,23,0.9562
13166,241,23,0.9935
13167,241,23,0.9950
13168,241,23,0.9953
13169,241,23,0.9955
13773,242,23,0.3136
13774,242,23,0.4960
13775,242,23,0.4271
13776,242,23,0.4047
13777,242,23,0.7001
11194,236,17,0.3128
11195,236,17,0.4461
12841,240,23,0.5041
12842,240,23,0.8436
12843,240,23,0.3472
12844,240,23,0.8911
12845,240,23,0.8982
12846,240,23,0.8327
12847,240,23,0.9042
12848,240,23,0.8934
12849,240,23,0.9228
12850,240,23,0.8760
13170,241,23,0.4260
13171,241,23,0.9864
13172,241,23,0.5064
13173,241,23,0.9150
13174,241,23,0.8228
13175,241,23,0.1167
13176,241,23,0.2526
13177,241,23,0.8291
13178,241,23,0.0836
13179,241,23,0.2627
13778,242,23,0.5737
13779,242,23,0.3108
13780,242,23,0.9383
13781,242,23,0.9443
13782,242,23,0.8430
13783,242,23,0.9717
13784,242,23,0.9869
13785,242,23,0.5221
13786,242,23,0.9245
13787,242,23,0.9690
11196,236,17,0.0749
11197,236,17,0.6298
12851,240,23,0.4397
12852,240,23,0.2501
12853,240,23,0.4866
12854,240,23,0.8664
12855,240,23,0.7558
12856,240,23,0.9174
12857,240,23,0.8844
12858,240,23,0.9163
12859,240,23,0.6187
12860,240,23,0.9282
13180,241,23,0.5779
13181,241,23,0.3018
13182,241,23,0.9730
13183,241,23,0.9657
13184,241,23,0.9937
13185,241,23,0.9948
13186,241,23,0.9954
13187,241,23,0.9947
13188,241,23,0.9953
13189,241,23,0.9953
13788,242,23,0.9560
13789,242,23,0.3144
13790,242,23,0.9819
13791,242,23,0.4370
13792,242,23,0.7421
13793,242,23,0.9194
13794,242,23,0.9776
13795,242,23,0.9672
13796,242,23,0.6173
13797,242,23,0.9386
11198,236,17,0.4954
11199,236,17,0.7005
12861,240,23,0.3250
12862,240,23,0.7176
12863,240,23,0.7327
12864,240,23,0.8914
12865,240,23,0.9799
12866,240,23,0.9868
12867,240,23,0.6979
12868,240,23,0.5090
12869,240,23,0.4225
12870,240,23,0.9702
13190,241,23,0.9595
13191,241,23,0.7297
13192,241,23,0.5609
13193,241,23,0.7055
13194,241,23,0.9649
13195,241,23,0.9868
13196,241,23,0.9924
13197,241,23,0.9950
13198,241,23,0.9961
13199,241,23,0.9976
13798,242,23,0.7118
13799,242,23,0.6161
13800,242,23,0.8647
13801,242,23,0.8831
13802,242,23,0.8324
13803,242,23,0.9405
13804,242,23,0.0740
11200,236,17,0.8535
11201,236,17,0.9377
11202,236,17,0.9660
11203,236,17,0.8799
11204,236,17,0.9505
11205,236,17,0.0156
11206,236,17,0.6853
11207,236,17,0.3788
12871,240,107,0.9619
12872,240,107,0.9793
12873,240,107,0.4728
12874,240,107,0.9508
12875,240,107,0.9804
12876,240,107,0.3483
12877,240,107,0.9688
12878,240,107,0.9782
12879,240,107,0.9892
13200,241,23,0.3961
13201,241,23,0.2629
13202,241,23,0.9001
13203,241,23,0.9767
13204,241,23,0.9926
13205,241,23,0.9934
13206,241,23,0.9940
13207,241,23,0.9932
13208,241,23,0.9933
13209,241,23,0.9937
13805,242,23,0.6449
13806,242,23,0.0438
13807,242,23,0.6843
13808,242,23,0.8740
13809,242,23,0.9311
13810,242,23,0.8975
11208,236,17,0.8903
11209,236,17,0.5778
11210,236,17,0.9768
11211,236,17,0.8218
11212,236,17,0.8167
11213,236,17,0.5373
11214,236,17,0.0366
12880,240,43,0.9241
12881,240,43,0.9686
12882,240,43,0.9812
12883,240,43,0.9866
12884,240,43,0.9774
12885,240,43,0.9301
12886,240,43,0.1122
12887,240,43,0.3289
12888,240,43,0.9598
12889,240,43,0.4468
13210,241,23,0.4655
13211,241,23,0.9869
13212,241,23,0.2718
13213,241,23,0.3386
13214,241,23,0.0890
13215,241,23,0.8244
13216,241,23,0.8845
13217,241,23,0.9403
13218,241,23,0.8507
13219,241,23,0.9240
13811,242,23,0.9510
13812,242,23,0.5682
13813,242,23,0.4166
13814,242,23,0.5821
13815,242,23,0.9574
13816,242,23,0.6335
13817,242,23,0.6539
11215,236,17,0.4036
11216,236,17,0.6586
12890,240,43,0.9430
12891,240,43,0.8134
12892,240,43,0.7731
12893,240,43,0.9288
12894,240,43,0.7286
12895,240,43,0.9578
12896,240,43,0.7360
12897,240,43,0.7076
12898,240,43,0.9220
12899,240,43,0.5641
13220,241,23,0.4572
13221,241,23,0.5310
13222,241,23,0.8601
13223,241,23,0.0985
13224,241,23,0.9124
13225,241,23,0.9439
13226,241,23,0.9728
13227,241,23,0.9860
13228,241,23,0.9892
13229,241,23,0.9941
13818,242,23,0.6343
13819,242,23,0.2979
13820,242,23,0.4977
13821,242,23,0.4748
13822,242,23,0.9666
13823,242,23,0.9756
13824,242,23,0.9933
13825,242,23,0.9957
13826,242,23,0.9949
13827,242,23,0.9946
11217,236,17,0.4306
11218,236,17,0.7352
12900,240,43,0.1327
12901,240,43,0.6322
12902,240,43,0.9741
12903,240,43,0.9545
12904,240,43,0.9880
12905,240,43,0.9593
12906,240,43,0.9792
12907,240,43,0.1537
12908,240,43,0.8771
12909,240,43,0.9733
13230,241,23,0.4469
13231,241,23,0.2629
13232,241,23,0.7062
13233,241,23,0.9672
13234,241,23,0.9912
13235,241,23,0.9903
13236,241,23,0.9936
13237,241,23,0.9935
13238,241,23,0.9933
13239,241,23,0.9933
13828,242,23,0.9397
13829,242,23,0.9395
13830,242,23,0.1830
13831,242,23,0.1469
13832,242,23,0.5359
13833,242,23,0.9288
13834,242,23,0.9881
13835,242,23,0.9935
13836,242,23,0.9936
13837,242,23,0.9809
11219,236,17,0.8868
11220,236,17,0.9836
11221,236,17,0.7671
11222,236,17,0.9724
11223,236,17,0.9717
11224,236,17,0.9472
11225,236,17,0.7424
11226,236,17,0.9801
11227,236,17,0.9010
11228,236,17,0.0189
12910,240,17,0.8978
12911,240,17,0.8732
12912,240,17,0.9805
12913,240,17,0.8786
12914,240,17,0.5391
12915,240,17,0.3840
12916,240,17,0.3401
12917,240,17,0.4053
12918,240,17,0.8831
12919,240,17,0.3857
13240,241,23,0.9261
13241,241,23,0.6169
13242,241,23,0.5489
13243,241,23,0.9426
13244,241,23,0.9827
13245,241,23,0.9908
13246,241,23,0.9951
13247,241,23,0.9967
13248,241,23,0.9971
13249,241,23,0.9971
13838,242,23,0.7780
13839,242,23,0.7450
13840,242,23,0.3401
13841,242,23,0.8824
13842,242,23,0.9689
13843,242,23,0.9879
13844,242,23,0.9936
13845,242,23,0.9949
13846,242,23,0.9964
13847,242,23,0.9973
11229,236,93,0.4006
11230,236,93,0.6922
12920,240,17,0.3990
12921,240,17,0.6632
12922,240,17,0.8399
12923,240,17,0.8395
12924,240,17,0.9806
12925,240,17,0.9891
12926,240,17,0.9927
12927,240,17,0.9941
12928,240,17,0.9967
12929,240,17,0.9969
13250,241,23,0.7995
13251,241,23,0.7340
13252,241,23,0.5860
13253,241,23,0.9656
13254,241,23,0.9870
13255,241,23,0.9912
13256,241,23,0.9962
13257,241,23,0.9968
13258,241,23,0.9970
13259,241,23,0.9972
13848,242,23,0.7045
11231,236,93,0.6201
11232,236,93,0.9449
11233,236,93,0.8137
11234,236,93,0.9714
11235,236,93,0.0998
11236,236,93,0.6468
12930,240,17,0.7746
12931,240,17,0.5571
12932,240,17,0.1821
12933,240,17,0.5704
12934,240,17,0.8380
12935,240,17,0.9871
12936,240,17,0.9934
12937,240,17,0.9944
12938,240,17,0.9951
12939,240,17,0.9956
13260,241,23,0.1639
13261,241,23,0.1748
13262,241,23,0.6990
13263,241,23,0.0167
13264,241,23,0.4252
13265,241,23,0.4177
13266,241,23,0.9474
13267,241,23,0.9852
13268,241,23,0.9918
13269,241,23,0.9952
13849,242,23,0.9487
13850,242,23,0.3380
13851,242,23,0.2169
13852,242,23,0.3611
13853,242,23,0.8457
13854,242,23,0.6670
13855,242,23,0.9786
13856,242,23,0.9945
13857,242,23,0.9958
13858,242,23,0.9956
11237,236,93,0.8464
11238,236,93,0.8092
11239,236,93,0.1842
11240,236,93,0.7325
11241,236,93,0.8205
11242,236,93,0.9738
11243,236,93,0.9724
11244,236,93,0.0420
11245,236,93,0.9574
11246,236,93,0.9646
12940,240,17,0.2203
12941,240,17,0.4277
12942,240,17,0.5761
12943,240,17,0.9674
12944,240,17,0.9899
12945,240,17,0.9940
12946,240,17,0.9948
12947,240,17,0.9950
12948,240,17,0.9941
12949,240,17,0.9952
13270,241,23,0.1519
13271,241,23,0.8031
13272,241,23,0.8573
13273,241,23,0.9673
13274,241,23,0.9881
13275,241,23,0.9923
13276,241,23,0.9938
13277,241,23,0.9971
13278,241,23,0.9972
13279,241,23,0.9974
13859,242,23,0.0951
13860,242,23,0.1458
13861,242,23,0.6086
13862,242,23,0.5280
13863,242,23,0.9710
13864,242,23,0.9860
13865,242,23,0.9946
13866,242,23,0.9957
13867,242,23,0.9954
13868,242,23,0.9952
11247,236,93,0.6264
11248,236,93,0.9381
12950,240,17,0.3444
12951,240,17,0.1914
12952,240,17,0.4291
12953,240,17,0.6493
12954,240,17,0.8552
12955,240,17,0.9232
12956,240,17,0.9788
12957,240,17,0.9839
12958,240,17,0.9904
12959,240,17,0.9901
13280,241,23,0.8550
13281,241,23,0.9398
13282,241,23,0.5334
13283,241,23,0.5031
13284,241,23,0.1093
13285,241,23,0.9285
13286,241,23,0.9671
13287,241,23,0.9849
13288,241,23,0.9929
13289,241,23,0.9926
13869,242,23,0.2677
13870,242,23,0.8111
13871,242,23,0.9487
13872,242,23,0.9478
13873,242,23,0.9395
13874,242,23,0.8617
13875,242,23,0.0649
13876,242,23,0.1483
13877,242,23,0.0790
13878,242,23,0.9263
11249,236,93,0.4580
11250,236,93,0.8191
12960,240,17,0.8204
12961,240,17,0.7566
12962,240,17,0.9569
12963,240,17,0.2380
12964,240,17,0.0458
12965,240,17,0.6384
12966,240,17,0.8854
12967,240,17,0.9453
12968,240,17,0.9936
12969,240,17,0.9953
13290,241,23,0.2267
13291,241,23,0.9291
13292,241,23,0.9803
13293,241,23,0.9602
13294,241,23,0.9794
13295,241,23,0.0353
13296,241,23,0.9431
13297,241,23,0.9650
13298,241,23,0.9806
13299,241,23,0.9900
13879,242,23,0.3246
13880,242,23,0.4661
13881,242,23,0.4350
13882,242,23,0.9799
13883,242,23,0.9927
13884,242,23,0.9945
13885,242,23,0.9947
13886,242,23,0.9945
13887,242,23,0.9952
13888,242,23,0.9937
11251,236,17,0.8315
12970,240,17,0.9174
12971,240,17,0.9888
12972,240,17,0.3737
12973,240,17,0.1079
12974,240,17,0.5674
12975,240,17,0.1590
12976,240,17,0.5744
12977,240,17,0.9112
12978,240,17,0.9825
12979,240,17,0.9928
13300,241,23,0.4252
13301,241,23,0.9462
13302,241,23,0.0305
13303,241,23,0.3846
13304,241,23,0.8009
13305,241,23,0.9624
13306,241,23,0.9883
13307,241,23,0.9915
13308,241,23,0.9958
13309,241,23,0.9966
13889,242,23,0.5976
13890,242,23,0.9361
13891,242,23,0.9626
13892,242,23,0.9787
13893,242,23,0.9866
13894,242,23,0.9744
13895,242,23,0.9593
13896,242,23,0.8698
13897,242,23,0.7097
13898,242,23,0.9114
11252,236,93,0.9726
11253,236,93,0.9708
11254,236,93,0.3571
11255,236,93,0.6145
11256,236,93,0.8138
11257,236,93,0.9712
11258,236,93,0.0706
12980,240,17,0.9770
12981,240,17,0.9387
12982,240,17,0.9825
12983,240,17,0.6395
12984,240,17,0.3939
12985,240,17,0.9106
12986,240,17,0.2019
12987,240,17,0.9671
12988,240,17,0.9020
12989,240,17,0.9895
13310,241,23,0.8319
13311,241,23,0.3793
13312,241,23,0.4210
13313,241,23,0.7143
13314,241,23,0.1664
13315,241,23,0.7220
13316,241,23,0.7971
13317,241,23,0.8713
13318,241,23,0.9349
13319,241,23,0.9677
13899,242,23,0.8640
13900,242,23,0.6267
13901,242,23,0.8415
13902,242,23,0.9674
13903,242,23,0.9616
13904,242,23,0.9853
13905,242,23,0.9068
13906,242,23,0.9269
13907,242,23,0.0485
13908,242,23,0.8077
11259,236,93,0.5721
11260,236,93,0.5359
11261,236,93,0.5925
11262,236,93,0.9143
11263,236,93,0.2099
11264,236,93,0.1425
11265,236,93,0.1273
12990,240,17,0.6064
12991,240,17,0.9449
12992,240,17,0.1869
12993,240,17,0.6083
12994,240,17,0.4725
12995,240,17,0.8961
12996,240,17,0.9144
12997,240,17,0.9868
12998,240,17,0.9940
12999,240,17,0.9945
13320,241,23,0.3399
13321,241,23,0.6459
13322,241,23,0.5399
13323,241,23,0.9326
13324,241,23,0.9819
13325,241,23,0.9872
13326,241,23,0.9948
13327,241,23,0.9965
13328,241,23,0.9970
13329,241,23,0.9975
13909,242,23,0.4318
13910,242,23,0.7987
13911,242,23,0.6947
13912,242,23,0.9491
13913,242,23,0.9797
13914,242,23,0.9887
13915,242,23,0.9922
13916,242,23,0.9944
13917,242,23,0.9967
13918,242,23,0.9961
11266,236,43,0.1653
13000,240,17,0.7071
13001,240,17,0.3581
13002,240,17,0.1634
13003,240,17,0.8702
13004,240,17,0.9640
13005,240,17,0.9817
13006,240,17,0.9908
13007,240,17,0.9940
13008,240,17,0.9846
13009,240,17,0.9943
13330,241,23,0.1221
13331,241,23,0.8837
13332,241,23,0.7840
13333,241,23,0.9734
13334,241,23,0.9840
13335,241,23,0.9942
13336,241,23,0.9961
13337,241,23,0.9964
13338,241,23,0.9967
13339,241,23,0.9969
13919,242,23,0.2028
13920,242,23,0.3144
13921,242,23,0.9268
13922,242,23,0.9775
13923,242,23,0.9903
13924,242,23,0.9935
13925,242,23,0.9953
13926,242,23,0.9959
13927,242,23,0.9964
13928,242,23,0.9967
11267,236,93,0.8492
11268,236,93,0.9749
11269,236,93,0.6625
11270,236,93,0.9545
11271,236,93,0.9639
11272,236,93,0.9870
11273,236,93,0.9896
11274,236,93,0.9390
11275,236,93,0.3102
13010,240,17,0.4830
13011,240,17,0.9773
13012,240,17,0.9847
13013,240,17,0.7226
13014,240,17,0.9725
13015,240,17,0.7828
13016,240,17,0.7384
13017,240,17,0.9380
13018,240,17,0.8355
13019,240,17,0.9880
13340,241,23,0.1311
13341,241,23,0.7111
13342,241,23,0.9082
13343,241,23,0.9828
13344,241,23,0.9936
13345,241,23,0.9972
13346,241,23,0.9972
13347,241,23,0.9964
13348,241,23,0.9976
13349,241,23,0.9965
13929,242,23,0.7760
13930,242,23,0.7384
13931,242,23,0.8111
13932,242,23,0.8571
13933,242,23,0.9360
13934,242,23,0.9793
13935,242,23,0.9855
13936,242,23,0.9931
13937,242,23,0.9947
13938,242,23,0.9955
13020,240,17,0.1541
13021,240,17,0.2992
13022,240,17,0.8988
13023,240,17,0.9521
13024,240,17,0.9902
13025,240,17,0.9919
13026,240,17,0.9922
13027,240,17,0.9913
13028,240,17,0.9917
13029,240,17,0.9917
13350,241,23,0.8599
13351,241,23,0.2076
13352,241,23,0.1914
13353,241,23,0.7289
13354,241,23,0.9740
13355,241,23,0.9915
13356,241,23,0.9950
13357,241,23,0.9953
13358,241,23,0.9955
13359,241,23,0.9957
13939,242,23,0.1845
13940,242,23,0.7196
14454,243,132,0.8294
14455,243,132,0.9045
14456,243,132,0.7241
14457,243,132,0.9834
14458,243,132,0.0849
14459,243,132,0.0504
14460,243,132,0.2164
14461,243,132,0.9026
14462,243,132,0.7798
14463,243,132,0.9771
13030,240,17,0.3844
13031,240,17,0.1551
13032,240,17,0.7137
13033,240,17,0.1391
13034,240,17,0.6322
13035,240,17,0.8332
13036,240,17,0.5422
13037,240,17,0.9641
13038,240,17,0.8227
13039,240,17,0.1854
13360,241,23,0.1305
13361,241,23,0.0461
13362,241,23,0.4876
13363,241,23,0.5489
13364,241,23,0.9430
13365,241,23,0.9782
13366,241,23,0.9896
13367,241,23,0.9940
13368,241,23,0.9960
13369,241,23,0.9967
13941,242,23,0.4700
13942,242,23,0.9052
13943,242,23,0.8155
13944,242,23,0.5315
13945,242,23,0.7136
13946,242,23,0.6786
13947,242,23,0.9310
13948,242,23,0.8841
13949,242,23,0.9438
13950,242,23,0.9935
14464,243,132,0.3439
13040,240,17,0.6119
13041,240,17,0.8350
13042,240,17,0.3082
13043,240,17,0.8241
13044,240,17,0.9480
13045,240,17,0.7136
13046,240,17,0.8944
13047,240,17,0.8475
13048,240,17,0.9861
13049,240,17,0.9925
13370,241,23,0.6272
13371,241,23,0.4230
13372,241,23,0.6665
13373,241,23,0.5941
13374,241,23,0.9570
13375,241,23,0.9841
13376,241,23,0.9886
13377,241,23,0.9947
13378,241,23,0.9966
13379,241,23,0.9967
13951,242,23,0.5785
13952,242,23,0.7891
13953,242,23,0.8204
13954,242,23,0.5948
13955,242,23,0.9407
13956,242,23,0.9300
13957,242,23,0.8877
13958,242,23,0.0966
13959,242,23,0.8468
13960,242,23,0.9662
14465,243,132,0.3670
14466,243,132,0.8443
14467,243,132,0.8778
14468,243,132,0.0600
13050,240,17,0.1816
13051,240,17,0.5659
13052,240,17,0.5798
13053,240,17,0.7744
13054,240,17,0.9175
13055,240,17,0.8622
13056,240,17,0.9010
13057,240,17,0.9057
13058,240,17,0.9406
13059,240,17,0.8787
13380,241,23,0.7967
13381,241,23,0.6146
13382,241,23,0.6551
13383,241,23,0.9727
13384,241,23,0.9858
13385,241,23,0.9954
13386,241,23,0.9960
13387,241,23,0.9975
13388,241,23,0.9975
13389,241,23,0.9967
13961,242,23,0.6186
13962,242,23,0.0384
13963,242,23,0.6775
13964,242,23,0.9241
13965,242,23,0.9826
13966,242,23,0.9919
13967,242,23,0.9941
13968,242,23,0.9955
13969,242,23,0.9956
13970,242,23,0.9952
14469,243,132,0.9578
14470,243,132,0.9787
14471,243,132,0.2584
14472,243,132,0.6712
14473,243,132,0.9450
14474,243,132,0.0788
14475,243,132,0.8721
14476,243,132,0.7546
14477,243,132,0.3017
14478,243,132,0.3664
13060,240,17,0.5554
13061,240,17,0.4918
13062,240,17,0.4965
13063,240,17,0.9702
13064,240,17,0.9591
13065,240,17,0.7844
13066,240,17,0.2487
13067,240,17,0.9778
13068,240,17,0.9865
13390,241,23,0.6220
13391,241,23,0.1612
13392,241,23,0.7636
13393,241,23,0.7283
13394,241,23,0.9606
13395,241,23,0.9860
13396,241,23,0.9958
13397,241,23,0.9966
13398,241,23,0.9970
13399,241,23,0.9975
13971,242,23,0.2278
13972,242,23,0.0668
13973,242,23,0.3558
14479,243,132,0.8493
14480,243,132,0.9800
14481,243,132,0.9841
14482,243,132,0.9698
14483,243,132,0.1040
14484,243,132,0.7854
14485,243,132,0.8492
13069,240,93,0.7752
13070,240,93,0.6318
13071,240,93,0.5085
13072,240,93,0.4482
13073,240,93,0.9624
13074,240,93,0.6014
13075,240,93,0.9754
13076,240,93,0.9643
13077,240,93,0.9828
13078,240,93,0.9937
13400,241,23,0.7473
13401,241,23,0.8594
13402,241,23,0.5964
13403,241,23,0.9199
13404,241,23,0.9810
13405,241,23,0.9921
13406,241,23,0.9944
13407,241,23,0.9956
13408,241,23,0.9970
13409,241,23,0.9957
13974,242,23,0.4398
14486,243,132,0.9737
14487,243,132,0.9777
14488,243,132,0.9656
14489,243,132,0.9479
14490,243,132,0.8054
14491,243,132,0.9500
13079,240,93,0.1862
13080,240,93,0.1932
13081,240,93,0.9350
13082,240,93,0.9532
13083,240,93,0.9919
13084,240,93,0.9911
13085,240,93,0.9954
13086,240,93,0.9959
13087,240,93,0.9958
13088,240,93,0.9962
13410,241,23,0.5885
13411,241,23,0.3141
13412,241,23,0.6633
13413,241,23,0.1916
13414,241,23,0.9275
13415,241,23,0.9752
13416,241,23,0.9880
13417,241,23,0.9933
13418,241,23,0.9951
13419,241,23,0.9961
13975,242,23,0.2814
13976,242,23,0.9652
13977,242,23,0.9460
13978,242,23,0.9799
13979,242,23,0.7482
13980,242,23,0.9226
13981,242,23,0.1403
13982,242,23,0.7817
13983,242,23,0.9831
13984,242,23,0.9949
14492,243,132,0.2896
14493,243,132,0.7947
13089,240,93,0.9632
13090,240,93,0.9817
13091,240,93,0.7849
13092,240,93,0.4170
13093,240,93,0.8652
13094,240,93,0.7140
13095,240,93,0.7815
13096,240,93,0.7781
13097,240,93,0.9741
13098,240,93,0.9819
13420,241,23,0.5170
13421,241,23,0.8124
13422,241,23,0.5943
13423,241,23,0.9576
13424,241,23,0.9853
13425,241,23,0.9906
13426,241,23,0.9955
13427,241,23,0.9972
13428,241,23,0.9960
13429,241,23,0.9971
13985,242,23,0.1021
13986,242,23,0.7804
13987,242,23,0.4025
13988,242,23,0.0810
13989,242,23,0.3828
13990,242,23,0.7116
13991,242,23,0.7876
13992,242,23,0.8265
13993,242,23,0.8639
13994,242,23,0.9156
14494,243,132,0.8414
14495,243,132,0.9841
14496,243,132,0.9777
14497,243,132,0.9680
14498,243,132,0.9886
14499,243,132,0.9771
14500,243,132,0.0825
14501,243,132,0.6547
13099,240,132,0.2372
13430,241,23,0.8545
13431,241,23,0.7158
13432,241,23,0.6337
13433,241,23,0.9672
13434,241,23,0.9934
13435,241,23,0.9947
13436,241,23,0.9969
13437,241,23,0.9970
13438,241,23,0.9972
13439,241,23,0.9977
13995,242,23,0.6534
13996,242,23,0.2205
13997,242,23,0.7335
13998,242,23,0.8926
13999,242,23,0.8392
14000,242,23,0.9259
14001,242,23,0.7329
14002,242,23,0.8935
14003,242,23,0.7772
14004,242,23,0.9225
14502,243,132,0.9471
14503,243,132,0.9762
14504,243,132,0.9515
14505,243,132,0.9565
14506,243,132,0.0281
14507,243,132,0.3217
13440,241,23,0.6122
13441,241,23,0.5972
13442,241,23,0.7076
13443,241,23,0.9674
13444,241,23,0.9866
13445,241,23,0.9937
13446,241,23,0.9958
13447,241,23,0.9966
13448,241,23,0.9968
13449,241,23,0.9972
14005,242,23,0.3997
14006,242,23,0.9463
14007,242,23,0.2971
14008,242,23,0.9446
14009,242,23,0.9792
14010,242,23,0.2145
14011,242,23,0.8904
14012,242,23,0.9350
14013,242,23,0.9429
14014,242,23,0.6374
14508,243,132,0.7826
14509,243,132,0.1780
14510,243,132,0.2025
14688,244,132,0.7334
14689,244,132,0.9642
14690,244,132,0.4786
14691,244,132,0.9778
14692,244,132,0.9805
14693,244,132,0.9379
14694,244,132,0.4789
14695,244,132,0.1972
14696,244,132,0.8776
14697,244,132,0.4311
13450,241,23,0.3569
13451,241,23,0.2302
13452,241,23,0.2684
13453,241,23,0.8210
13454,241,23,0.8301
13455,241,23,0.7878
13456,241,23,0.9216
13457,241,23,0.9678
13458,241,23,0.9856
13459,241,23,0.9896
14015,242,23,0.6886
14016,242,23,0.1903
14017,242,23,0.4369
14018,242,23,0.8955
14019,242,23,0.7411
14020,242,23,0.9188
14021,242,23,0.9012
14022,242,23,0.0720
14023,242,23,0.4160
14024,242,23,0.2264
14511,243,132,0.9446
14512,243,132,0.9364
14513,243,132,0.9744
14514,243,132,0.9848
14515,243,132,0.9575
14516,243,132,0.7876
14517,243,132,0.0937
14698,244,132,0.0912
13460,241,23,0.5684
13461,241,23,0.1871
13462,241,23,0.8154
13463,241,23,0.9880
13464,241,23,0.9928
13465,241,23,0.9953
13466,241,23,0.9951
13467,241,23,0.9955
13468,241,23,0.9919
13469,241,23,0.9953
14025,242,23,0.5491
14026,242,23,0.2060
14027,242,23,0.5948
14028,242,23,0.9539
14029,242,23,0.9914
14030,242,23,0.9940
14031,242,23,0.9945
14032,242,23,0.9953
14033,242,23,0.9952
14034,242,23,0.9954
14518,243,132,0.9424
14519,243,132,0.8542
14520,243,132,0.5879
14521,243,132,0.9652
14522,243,132,0.9844
14523,243,132,0.9803
14524,243,132,0.9793
14525,243,132,0.9837
14526,243,132,0.9695
14527,243,132,0.9829
14699,244,132,0.9799
14700,244,132,0.8352
14701,244,132,0.7506
13470,241,23,0.2609
13471,241,23,0.2246
13472,241,23,0.6904
13473,241,23,0.9629
13474,241,23,0.9815
13475,241,23,0.9902
13476,241,23,0.9954
13477,241,23,0.9968
13478,241,23,0.9969
13479,241,23,0.9967
14035,242,23,0.9620
14036,242,23,0.9855
14037,242,23,0.8056
14038,242,23,0.4932
14039,242,23,0.0369
14040,242,23,0.1917
14041,242,23,0.8325
14042,242,23,0.9317
14043,242,23,0.9181
14044,242,23,0.9821
14528,243,23,0.9269
14529,243,23,0.2444
14530,243,23,0.6853
14531,243,23,0.9331
14702,244,132,0.1543
14703,244,132,0.9451
13480,241,23,0.1612
13481,241,23,0.7950
13482,241,23,0.9151
13483,241,23,0.9809
13484,241,23,0.9929
13485,241,23,0.9959
13486,241,23,0.9967
13487,241,23,0.9970
13488,241,23,0.9969
13489,241,23,0.9969
14045,242,23,0.8030
14046,242,23,0.7898
14047,242,23,0.9306
14048,242,23,0.4075
14049,242,23,0.6974
14050,242,23,0.2500
14051,242,23,0.8727
14052,242,23,0.9765
14053,242,23,0.9930
14054,242,23,0.9950
14532,243,23,0.9249
14533,243,23,0.3132
14534,243,23,0.9305
14535,243,23,0.9827
14536,243,23,0.0495
14537,243,23,0.4261
14538,243,23,0.8944
14539,243,23,0.5208
14540,243,23,0.5659
14541,243,23,0.8092
14704,244,132,0.9493
14705,244,132,0.9409
14706,244,132,0.0283
14707,244,132,0.8932
13490,241,23,0.8247
13491,241,23,0.6180
13492,241,23,0.9574
13493,241,23,0.8552
13494,241,23,0.6673
13495,241,23,0.9583
13496,241,23,0.9867
13497,241,23,0.9939
13498,241,23,0.9973
13499,241,23,0.9960
14055,242,23,0.4071
14056,242,23,0.4382
14057,242,23,0.8698
14058,242,23,0.9590
14059,242,23,0.9850
14060,242,23,0.9930
14061,242,23,0.9957
14062,242,23,0.9962
14063,242,23,0.9956
14064,242,23,0.9961
14542,243,23,0.6984
14543,243,23,0.7650
14708,244,132,0.7990
14709,244,132,0.5415
14710,244,132,0.3256
13500,241,23,0.5935
13501,241,23,0.6759
13502,241,23,0.4864
13503,241,23,0.8907
13504,241,23,0.9594
13505,241,23,0.9849
13506,241,23,0.9901
13507,241,23,0.9930
13508,241,23,0.9956
13509,241,23,0.9963
14065,242,23,0.8111
14066,242,23,0.4614
14067,242,23,0.0329
14068,242,23,0.6927
14069,242,23,0.7605
14070,242,23,0.8177
14071,242,23,0.7414
14072,242,23,0.9137
14073,242,23,0.7776
14074,242,23,0.9141
14544,243,23,0.8064
14545,243,23,0.6453
14711,244,132,0.8670
14712,244,132,0.9377
14713,244,132,0.9806
14714,244,132,0.9903
14715,244,132,0.9308
14716,244,132,0.7187
14717,244,132,0.0957
14718,244,132,0.3137
13510,241,23,0.5965
13511,241,23,0.6448
13512,241,23,0.7677
13513,241,23,0.4287
13514,241,23,0.9252
13515,241,23,0.9717
13516,241,23,0.9899
13517,241,23,0.9944
13518,241,23,0.9963
13519,241,23,0.9965
14075,242,23,0.6624
14076,242,23,0.5024
14077,242,23,0.7280
14078,242,23,0.9455
14079,242,23,0.2524
14080,242,23,0.9689
14081,242,23,0.9766
14082,242,23,0.9913
14083,242,23,0.9952
14084,242,23,0.9962
14546,243,23,0.9456
14547,243,23,0.9624
14548,243,23,0.5079
14549,243,23,0.5104
14550,243,23,0.0863
14551,243,23,0.7629
14552,243,23,0.9803
14553,243,23,0.0185
14554,243,23,0.1125
14719,244,132,0.0788
14720,244,132,0.7536
13520,241,23,0.8603
13521,241,23,0.9170
13522,241,23,0.0905
13523,241,23,0.5862
13524,241,23,0.6882
13525,241,23,0.9612
13526,241,23,0.9869
13527,241,23,0.9921
13528,241,23,0.9951
13529,241,23,0.9945
14085,242,23,0.4440
14086,242,23,0.8378
14087,242,23,0.7116
14088,242,23,0.7718
14089,242,23,0.9390
14090,242,23,0.7795
14091,242,23,0.5680
14092,242,23,0.3986
14093,242,23,0.1611
14094,242,23,0.9721
14555,243,23,0.6656
14556,243,23,0.6540
14721,244,132,0.0501
13530,241,23,0.6305
13531,241,23,0.8481
13532,241,23,0.5795
13533,241,23,0.9297
13534,241,23,0.9822
13535,241,23,0.9923
13536,241,23,0.9940
13537,241,23,0.9920
13538,241,23,0.9956
13539,241,23,0.9971
14095,242,23,0.5501
14096,242,23,0.5523
14097,242,23,0.4487
14098,242,23,0.9128
14099,242,23,0.9725
14100,242,23,0.9907
14101,242,23,0.9948
14102,242,23,0.9964
14103,242,23,0.9970
14104,242,23,0.9972
14557,243,23,0.9225
14558,243,23,0.9588
14559,243,23,0.8935
14560,243,23,0.3251
14561,243,23,0.9634
14562,243,23,0.4761
14563,243,23,0.6292
14564,243,23,0.5999
14565,243,23,0.3351
14566,243,23,0.9218
14722,244,132,0.2884
14723,244,132,0.8470
13540,241,23,0.8271
13541,241,23,0.7477
13542,241,23,0.7431
13543,241,23,0.9437
13544,241,23,0.9718
13545,241,23,0.9907
13546,241,23,0.9939
13547,241,23,0.9958
13548,241,23,0.9950
13549,241,23,0.3497
14105,242,23,0.8416
14106,242,23,0.7812
14107,242,23,0.1307
14108,242,23,0.8697
14109,242,23,0.1279
14110,242,23,0.9760
14111,242,23,0.9883
14112,242,23,0.9927
14113,242,23,0.9958
14114,242,23,0.9960
14567,243,23,0.7600
14568,243,23,0.9643
14569,243,23,0.9592
14570,243,23,0.3640
14571,243,23,0.9753
14572,243,23,0.9830
14573,243,23,0.8935
14574,243,23,0.9894
14575,243,23,0.8701
14724,244,132,0.4411
14725,244,132,0.4699
14726,244,132,0.8162
13550,241,23,0.4640
13551,241,23,0.7415
13552,241,23,0.8107
13553,241,23,0.9695
13554,241,23,0.9841
13555,241,23,0.9912
13556,241,23,0.9956
13557,241,23,0.9966
13558,241,23,0.9968
13559,241,23,0.9970
14115,242,23,0.5321
14116,242,23,0.8644
14117,242,23,0.1065
14118,242,23,0.8796
14119,242,23,0.9351
14120,242,23,0.9753
14121,242,23,0.9836
14122,242,23,0.9917
14123,242,23,0.9942
14124,242,23,0.9944
14576,243,107,0.8107
14577,243,107,0.9781
14578,243,107,0.9836
14579,243,107,0.9628
14580,243,107,0.5056
14581,243,107,0.9807
14582,243,107,0.9771
14583,243,107,0.9454
14584,243,107,0.9844
14727,244,132,0.5852
14728,244,132,0.9842
14729,244,132,0.9862
14730,244,132,0.9297
14731,244,132,0.2826
14732,244,132,0.8899
13560,241,23,0.4522
13561,241,23,0.8556
13562,241,23,0.2740
13563,241,23,0.9152
13564,241,23,0.9624
13565,241,23,0.9857
13566,241,23,0.9914
13567,241,23,0.9937
13568,241,23,0.9966
13569,241,23,0.9956
14125,242,23,0.6370
14126,242,23,0.9273
14127,242,23,0.6401
14128,242,23,0.7774
14129,242,23,0.8929
14130,242,23,0.4152
14131,242,23,0.7732
14132,242,23,0.9750
14133,242,23,0.9886
14134,242,23,0.9950
14585,243,43,0.9857
14586,243,43,0.5989
14587,243,43,0.9699
14588,243,43,0.7674
14589,243,43,0.7931
14590,243,43,0.8800
14591,243,43,0.9839
14592,243,43,0.7892
14593,243,43,0.9849
14733,244,132,0.8931
14734,244,132,0.9418
14735,244,132,0.9577
14736,244,132,0.8412
13570,241,23,0.8466
13571,241,23,0.3347
13572,241,23,0.5304
13573,241,23,0.9787
13574,241,23,0.9945
13575,241,23,0.9952
13576,241,23,0.9956
13577,241,23,0.9950
13578,241,23,0.9954
13579,241,23,0.9952
14135,242,23,0.6179
14136,242,23,0.4080
14137,242,23,0.1530
14138,242,23,0.8872
14139,242,23,0.9299
14140,242,23,0.7630
14141,242,23,0.9753
14142,242,23,0.9885
14143,242,23,0.9939
14144,242,23,0.9907
14594,243,17,0.9435
14595,243,17,0.7530
14596,243,17,0.8711
14597,243,17,0.9424
14598,243,17,0.9790
14599,243,17,0.7076
14600,243,17,0.5175
14601,243,17,0.5106
14602,243,17,0.9722
14603,243,17,0.0758
14737,244,132,0.7571
14738,244,132,0.1512
14739,244,132,0.2480
13580,241,23,0.9761
13581,241,23,0.0089
13582,241,23,0.2175
13583,241,23,0.0596
13584,241,23,0.9341
13585,241,23,0.3123
13586,241,23,0.6120
13587,241,23,0.9798
13588,241,23,0.9939
13589,241,23,0.9960
14145,242,23,0.5941
14146,242,23,0.4525
14147,242,23,0.9362
14148,242,23,0.9802
14149,242,23,0.8844
14150,242,23,0.3280
14151,242,23,0.8424
14152,242,23,0.3416
14153,242,23,0.9342
14154,242,23,0.9781
14604,243,17,0.1915
14605,243,17,0.6275
14740,244,132,0.9685
14741,244,132,0.8347
14742,244,132,0.9761
14743,244,132,0.9588
14744,244,132,0.8320
13590,241,23,0.9092
14155,242,23,0.5058
14156,242,23,0.6803
14157,242,23,0.9567
14158,242,23,0.9792
14159,242,23,0.9888
14160,242,23,0.9943
14161,242,23,0.9954
14162,242,23,0.9965
14163,242,23,0.9972
14164,242,23,0.9973
14606,243,17,0.7672
14607,243,17,0.9721
14608,243,17,0.4807
14609,243,17,0.6952
14610,243,17,0.9649
14611,243,17,0.6416
14612,243,17,0.7889
14613,243,17,0.1529
14614,243,17,0.9823
14615,243,17,0.9887
14745,244,132,0.8636
14746,244,132,0.9825
14747,244,132,0.9783
14748,244,132,0.9891
14749,244,132,0.9795
14750,244,132,0.9766
14751,244,132,0.9755
14752,244,132,0.9758
14753,244,132,0.9657
14754,244,132,0.9702
13591,241,23,0.1030
13592,241,23,0.6921
13593,241,23,0.7652
13594,241,23,0.9716
13595,241,23,0.9893
13596,241,23,0.9945
13597,241,23,0.9964
13598,241,23,0.9969
13599,241,23,0.9971
13600,241,23,0.9959
14165,242,23,0.2037
14166,242,23,0.9590
14167,242,23,0.9867
14168,242,23,0.9921
14169,242,23,0.9953
14170,242,23,0.9964
14171,242,23,0.9968
14172,242,23,0.9968
14173,242,23,0.9951
14174,242,23,0.9970
14616,243,17,0.7342
14617,243,17,0.9843
14618,243,17,0.9773
14619,243,17,0.9083
14620,243,17,0.8892
14621,243,17,0.9514
14622,243,17,0.4453
14623,243,17,0.9508
14624,243,17,0.4670
14625,243,17,0.8762
14755,244,23,0.9745
14756,244,23,0.0120
13601,241,23,0.8540
13602,241,23,0.8937
13603,241,23,0.8196
13604,241,23,0.8993
13605,241,23,0.2679
13606,241,23,0.3918
13607,241,23,0.5187
13608,241,23,0.8702
13609,241,23,0.4292
13610,241,23,0.6726
14175,242,23,0.4121
14176,242,23,0.2817
14177,242,23,0.2427
14178,242,23,0.3626
14179,242,23,0.6486
14180,242,23,0.9693
14181,242,23,0.9928
14182,242,23,0.9947
14183,242,23,0.9955
14184,242,23,0.9957
14626,243,17,0.7766
14627,243,17,0.9213
14628,243,17,0.8671
14629,243,17,0.9463
14630,243,17,0.9630
14631,243,17,0.9130
14632,243,17,0.4354
14633,243,17,0.9100
14634,243,17,0.9807
14635,243,17,0.9842
14757,244,23,0.9077
14758,244,23,0.6618
14759,244,23,0.8229
14760,244,23,0.7178
14761,244,23,0.9751
14762,244,23,0.6090
14763,244,23,0.6266
14764,244,23,0.0266
14765,244,23,0.5615
14766,244,23,0.5041
13611,241,23,0.5818
13612,241,23,0.9284
13613,241,23,0.1876
13614,241,23,0.8905
13615,241,23,0.9766
13616,241,23,0.9916
13617,241,23,0.9923
13618,241,23,0.9964
13619,241,23,0.9972
13620,241,23,0.9964
14185,242,23,0.8859
14186,242,23,0.3360
14187,242,23,0.8882
14188,242,23,0.9615
14189,242,23,0.9896
14190,242,23,0.9934
14191,242,23,0.9937
14192,242,23,0.9947
14193,242,23,0.9941
14194,242,23,0.9943
14636,243,17,0.5850
14637,243,17,0.8093
14767,244,23,0.8594
14768,244,23,0.6767
14769,244,23,0.9848
14770,244,23,0.4870
14771,244,23,0.3917
14772,244,23,0.1924
13621,241,23,0.1832
13622,241,23,0.7808
13623,241,23,0.3975
13624,241,23,0.9783
13625,241,23,0.0859
13626,241,23,0.8967
13627,241,23,0.7778
13628,241,23,0.8843
13629,241,23,0.4973
13630,241,23,0.4225
14195,242,23,0.5749
14196,242,23,0.8749
14197,242,23,0.8811
14198,242,23,0.4252
14199,242,23,0.8161
14200,242,23,0.7603
14201,242,23,0.3582
14202,242,23,0.8591
14203,242,23,0.3679
14204,242,23,0.9441
14638,243,17,0.5156
14639,243,17,0.8325
14640,243,17,0.3680
14641,243,17,0.5205
14642,243,17,0.9403
14643,243,17,0.9922
14644,243,17,0.9948
14645,243,17,0.9953
14646,243,17,0.9958
14647,243,17,0.9936
14773,244,23,0.5216
14774,244,23,0.3237
14775,244,23,0.5962
14776,244,23,0.7715
14777,244,23,0.0341
13631,241,23,0.2873
13632,241,23,0.8742
13633,241,23,0.5497
13634,241,23,0.9583
13635,241,23,0.7801
13636,241,23,0.8568
13637,241,23,0.9075
13638,241,23,0.8654
13639,241,23,0.9764
14205,242,107,0.3039
14206,242,107,0.9581
14207,242,107,0.9799
14208,242,107,0.9382
14209,242,107,0.9753
14210,242,107,0.9899
14211,242,107,0.9785
14212,242,107,0.9407
14213,242,107,0.6347
14648,243,17,0.2317
14649,243,17,0.2751
14650,243,17,0.8769
14651,243,17,0.9781
14652,243,17,0.9896
14653,243,17,0.9927
14654,243,17,0.9927
14655,243,17,0.9928
14656,243,17,0.9916
14657,243,17,0.9850
14778,244,23,0.6663
14779,244,23,0.8037
14780,244,23,0.9499
14781,244,23,0.2320
14782,244,23,0.2634
14783,244,23,0.7885
14784,244,23,0.9016
14785,244,23,0.4663
13640,241,107,0.7093
13641,241,107,0.9284
13642,241,107,0.9761
13643,241,107,0.9759
13644,241,107,0.9898
13645,241,107,0.9709
13646,241,107,0.5576
13647,241,107,0.9532
13648,241,107,0.9814
13649,241,107,0.9223
14214,242,43,0.9537
14215,242,43,0.9583
14216,242,43,0.3533
14217,242,43,0.8460
14218,242,43,0.4250
14219,242,43,0.9741
14220,242,43,0.9859
14221,242,43,0.9886
14222,242,43,0.8151
14658,243,17,0.4370
14659,243,17,0.7167
14660,243,17,0.6061
14786,244,23,0.9133
14787,244,23,0.5732
14788,244,23,0.7743
13650,241,43,0.8239
13651,241,43,0.4885
13652,241,43,0.7516
13653,241,43,0.9599
13654,241,43,0.9584
13655,241,43,0.9791
13656,241,43,0.3903
13657,241,43,0.7379
13658,241,43,0.7934
13659,241,43,0.7010
14223,242,17,0.4499
14224,242,17,0.5503
14225,242,17,0.8785
14226,242,17,0.2207
14227,242,17,0.9233
14228,242,17,0.9904
14229,242,17,0.9948
14230,242,17,0.9957
14231,242,17,0.9956
14232,242,17,0.9955
14661,243,17,0.8278
14662,243,17,0.2592
14663,243,17,0.6472
14664,243,17,0.9776
14665,243,17,0.0243
14789,244,23,0.8932
14790,244,23,0.1275
14791,244,23,0.2226
13660,241,43,0.8986
13661,241,43,0.9745
13662,241,43,0.6129
13663,241,43,0.9711
13664,241,43,0.9874
13665,241,43,0.8027
13666,241,43,0.9720
13667,241,43,0.3333
13668,241,43,0.9523
13669,241,43,0.8083
14233,242,17,0.9230
14234,242,17,0.9892
14235,242,17,0.5020
14236,242,17,0.4331
14237,242,17,0.5381
14238,242,17,0.6313
14239,242,17,0.9405
14240,242,17,0.8234
14241,242,17,0.8226
14242,242,17,0.7432
14666,243,17,0.8748
14667,243,17,0.8386
14668,243,17,0.3496
14792,244,23,0.9460
14793,244,23,0.9620
14794,244,23,0.6764
14795,244,23,0.5844
13670,241,17,0.8827
13671,241,17,0.9326
13672,241,17,0.6807
13673,241,17,0.8558
13674,241,17,0.8282
13675,241,17,0.6670
13676,241,17,0.9276
13677,241,17,0.9705
13678,241,17,0.9867
13679,241,17,0.9933
14243,242,17,0.6245
14244,242,17,0.9492
14245,242,17,0.9533
14246,242,17,0.9760
14247,242,17,0.4357
14248,242,17,0.5822
14249,242,17,0.6566
14250,242,17,0.9257
14251,242,17,0.9929
14252,242,17,0.9949
14669,243,17,0.9170
14670,243,17,0.6613
14671,243,17,0.9597
14672,243,17,0.9405
14673,243,17,0.9823
14674,243,17,0.9857
14675,243,17,0.9897
14676,243,17,0.7136
14677,243,17,0.9750
14796,244,23,0.6576
14797,244,23,0.6985
13680,241,17,0.7974
13681,241,17,0.5361
13682,241,17,0.5563
13683,241,17,0.3678
13684,241,17,0.9533
13685,241,17,0.9521
13686,241,17,0.9838
13687,241,17,0.6450
13688,241,17,0.5612
13689,241,17,0.9660
14253,242,17,0.6750
14254,242,17,0.9779
14255,242,17,0.9340
14256,242,17,0.8637
14257,242,17,0.6477
14258,242,17,0.3325
14259,242,17,0.8775
14260,242,17,0.7376
14261,242,17,0.7445
14262,242,17,0.9763
14678,243,93,0.9476
14679,243,93,0.4626
14680,243,93,0.9717
14681,243,93,0.9711
14682,243,93,0.9893
14683,243,93,0.8188
14684,243,93,0.9755
14685,243,93,0.5602
14686,243,93,0.9752
14687,243,93,0.9202
14798,244,23,0.8597
14799,244,23,0.9309
14800,244,23,0.8516
14801,244,23,0.9805
14802,244,23,0.9745
14803,244,23,0.9316
14804,244,23,0.9652
14805,244,23,0.5562
14806,244,23,0.6715
14807,244,23,0.2676
13690,241,93,0.4411
13691,241,93,0.8888
13692,241,93,0.9819
13693,241,93,0.6333
13694,241,93,0.9676
13695,241,93,0.0250
13696,241,93,0.3659
13697,241,93,0.9659
13698,241,93,0.9922
13699,241,93,0.9948
14263,242,17,0.8380
14264,242,17,0.9432
14265,242,17,0.1426
14266,242,17,0.8697
14267,242,17,0.9898
14268,242,17,0.9947
14269,242,17,0.9929
14270,242,17,0.9956
14271,242,17,0.9949
14272,242,17,0.9958
14808,244,23,0.8078
14809,244,23,0.2047
14810,244,23,0.7476
14811,244,23,0.9828
14812,244,23,0.5467
13700,241,93,0.0818
13701,241,93,0.8574
13702,241,93,0.5930
13703,241,93,0.7493
13704,241,93,0.8897
13705,241,93,0.8063
13706,241,93,0.4718
13707,241,93,0.7071
13708,241,93,0.8987
13709,241,93,0.8513
14273,242,17,0.7956
14274,242,17,0.7622
14275,242,17,0.6643
14276,242,17,0.9735
14277,242,17,0.9070
14278,242,17,0.9924
14279,242,17,0.9969
14280,242,17,0.9957
14281,242,17,0.9972
14282,242,17,0.9974
14813,244,23,0.8549
14814,244,23,0.2850
14815,244,23,0.7203
14816,244,23,0.6172
14817,244,23,0.6280
14818,244,23,0.2049
13710,241,93,0.9626
13711,241,93,0.6250
13712,241,93,0.9576
13713,241,93,0.6692
13714,241,93,0.9882
13715,241,93,0.9187
13716,241,93,0.9407
13717,241,93,0.8243
13718,241,93,0.5901
13719,241,93,0.9774
14283,242,17,0.4970
14284,242,17,0.0478
14285,242,17,0.6603
14286,242,17,0.9553
14287,242,17,0.9878
14288,242,17,0.9232
14289,242,17,0.9881
14290,242,17,0.9936
14291,242,17,0.9940
14292,242,17,0.9950
14819,244,23,0.4462
14820,244,23,0.2541
14821,244,23,0.9550
14822,244,23,0.2819
14293,242,17,0.9306
14294,242,17,0.3952
14295,242,17,0.9484
14296,242,17,0.9691
14297,242,17,0.9938
14298,242,17,0.9950
14299,242,17,0.9950
14300,242,17,0.9949
14301,242,17,0.9951
14302,242,17,0.9953
14823,244,23,0.9074
14824,244,23,0.2344
14825,244,23,0.8118
14303,242,17,0.3549
14304,242,17,0.6249
14305,242,17,0.5725
14306,242,17,0.9487
14307,242,17,0.9870
14308,242,17,0.9894
14309,242,17,0.9954
14310,242,17,0.9962
14311,242,17,0.9968
14312,242,17,0.9970
14826,244,23,0.8877
14827,244,23,0.9788
14828,244,23,0.9677
14829,244,23,0.5684
14830,244,23,0.0960
14313,242,17,0.8872
14314,242,17,0.9787
14315,242,17,0.5883
14316,242,17,0.9233
14317,242,17,0.9570
14318,242,17,0.7657
14319,242,17,0.9782
14320,242,17,0.1303
14321,242,17,0.3910
14322,242,17,0.9585
14831,244,23,0.2534
14832,244,23,0.1593
14833,244,23,0.3528
14834,244,23,0.6008
14835,244,23,0.9569
14836,244,23,0.9801
14837,244,23,0.4241
14323,242,17,0.3916
14324,242,17,0.7881
14325,242,17,0.8799
14326,242,17,0.9693
14327,242,17,0.9900
14328,242,17,0.9948
14329,242,17,0.9963
14330,242,17,0.9965
14331,242,17,0.9968
14332,242,17,0.9971
14838,244,23,0.5191
14839,244,23,0.9841
14840,244,23,0.9634
14841,244,23,0.8340
14842,244,23,0.5312
14843,244,23,0.5933
14333,242,17,0.3888
14334,242,17,0.2123
14335,242,17,0.4525
14336,242,17,0.1440
14337,242,17,0.3719
14338,242,17,0.3585
14339,242,17,0.8306
14340,242,17,0.8322
14341,242,17,0.9274
14342,242,17,0.4299
14844,244,23,0.3614
14845,244,23,0.8304
14343,242,17,0.9398
14344,242,17,0.9393
14345,242,17,0.8194
14346,242,17,0.8114
14347,242,17,0.7259
14348,242,17,0.9140
14349,242,17,0.9897
14350,242,17,0.9942
14351,242,17,0.9949
14352,242,17,0.9949
14846,244,23,0.9703
14847,244,23,0.9830
14848,244,23,0.5687
14353,242,17,0.6379
14354,242,17,0.5947
14355,242,17,0.4638
14356,242,17,0.7345
14357,242,17,0.9624
14358,242,17,0.4300
14359,242,17,0.2027
14360,242,17,0.9218
14361,242,17,0.9719
14362,242,17,0.9904
14849,244,23,0.8385
14850,244,23,0.8167
14363,242,17,0.5660
14364,242,17,0.9440
14365,242,17,0.9577
14366,242,17,0.1734
14367,242,17,0.8496
14368,242,17,0.8665
14369,242,17,0.8694
14370,242,17,0.5376
14371,242,17,0.9781
14372,242,17,0.4339
14851,244,23,0.7125
14852,244,23,0.5019
14853,244,23,0.9528
14854,244,23,0.9818
14855,244,23,0.9722
14856,244,23,0.9843
14857,244,23,0.2081
14858,244,23,0.8260
14373,242,17,0.8762
14374,242,17,0.9218
14375,242,17,0.7604
14376,242,17,0.6157
14377,242,17,0.9217
14378,242,17,0.8987
14379,242,17,0.6462
14380,242,17,0.8455
14381,242,17,0.9707
14382,242,17,0.9868
14859,244,23,0.8708
14860,244,23,0.5176
14861,244,23,0.2007
14862,244,23,0.7163
14383,242,17,0.6650
14384,242,17,0.8652
14385,242,17,0.2549
14386,242,17,0.9150
14387,242,17,0.9900
14388,242,17,0.9940
14389,242,17,0.9945
14390,242,17,0.9942
14391,242,17,0.9939
14392,242,17,0.9934
14863,244,23,0.5878
14864,244,23,0.7070
14393,242,17,0.8810
14394,242,17,0.5893
14395,242,17,0.9251
14396,242,17,0.3711
14397,242,17,0.6733
14398,242,17,0.9263
14399,242,17,0.2175
14400,242,17,0.9258
14401,242,17,0.9779
14402,242,17,0.9825
14865,244,23,0.8697
14866,244,23,0.9807
14867,244,23,0.9418
14868,244,23,0.9237
14869,244,23,0.9690
14870,244,23,0.9201
14871,244,23,0.1264
14403,242,17,0.4427
14404,242,17,0.5346
14405,242,17,0.9419
14406,242,17,0.9916
14407,242,17,0.9951
14408,242,17,0.9952
14409,242,17,0.9947
14410,242,17,0.9952
14411,242,17,0.9795
14412,242,17,0.9955
14872,244,23,0.6429
14873,244,23,0.9726
14874,244,23,0.5867
14875,244,23,0.9822
14876,244,23,0.9700
14877,244,23,0.9826
14878,244,23,0.3118
14879,244,23,0.7504
14880,244,23,0.9823
14881,244,23,0.0605
14413,242,17,0.9790
14414,242,17,0.9903
14415,242,17,0.9883
14416,242,17,0.3433
14417,242,17,0.9806
14418,242,17,0.4030
14419,242,17,0.5182
14420,242,17,0.5955
14421,242,17,0.8648
14422,242,17,0.3069
14882,244,23,0.3899
14883,244,23,0.6792
14423,242,17,0.8941
14424,242,17,0.9765
14425,242,17,0.9791
14426,242,17,0.4435
14427,242,17,0.9843
14428,242,17,0.9837
14429,242,17,0.4710
14430,242,17,0.9821
14431,242,17,0.9925
14884,244,23,0.7177
14885,244,23,0.5935
14886,244,23,0.1263
14887,244,23,0.8523
14888,244,23,0.9037
14889,244,23,0.9552
14890,244,23,0.8342
14891,244,23,0.9672
14892,244,23,0.9365
14893,244,23,0.9769
14432,242,93,0.4531
14433,242,93,0.4958
14434,242,93,0.8359
14435,242,93,0.8122
14436,242,93,0.9655
14437,242,93,0.2194
14438,242,93,0.8894
14439,242,93,0.9636
14440,242,93,0.9703
14441,242,93,0.9866
14894,244,23,0.6026
14895,244,23,0.9591
14896,244,23,0.9841
14897,244,23,0.9947
14898,244,23,0.9954
14899,244,23,0.9959
14900,244,23,0.9954
14901,244,23,0.9957
14902,244,23,0.9957
14903,244,23,0.9960
14442,242,93,0.6454
14443,242,93,0.9536
14444,242,93,0.9552
14445,242,93,0.8985
14446,242,93,0.9872
14447,242,93,0.0908
14448,242,93,0.9482
14449,242,93,0.9680
14450,242,93,0.9907
14451,242,93,0.6245
14904,244,23,0.9215
14905,244,23,0.7589
14906,244,23,0.5931
14452,242,23,0.9621
14453,242,23,0.2705
14907,244,23,0.3235
14908,244,23,0.6693
14909,244,23,0.2411
14910,244,23,0.8251
14911,244,23,0.2914
14912,244,23,0.9679
14913,244,23,0.9852
14914,244,23,0.9863
14915,244,23,0.6130
14916,244,23,0.6154
14917,244,23,0.7743
14918,244,23,0.9177
14919,244,23,0.6209
14920,244,23,0.6500
14921,244,23,0.6227
14922,244,23,0.0287
14923,244,23,0.8626
14924,244,23,0.7989
14925,244,23,0.9163
14926,244,23,0.8747
14927,244,23,0.9216
14928,244,23,0.8418
14929,244,23,0.8816
14930,244,23,0.4995
14931,244,23,0.5579
14932,244,23,0.4613
14933,244,23,0.9135
14934,244,23,0.8219
14935,244,23,0.0642
14936,244,23,0.4112
14937,244,23,0.4072
14938,244,23,0.8336
14939,244,23,0.1654
14940,244,23,0.5027
14941,244,23,0.1497
14942,244,23,0.2863
14943,244,23,0.1573
14944,244,23,0.4465
14945,244,23,0.6083
14946,244,23,0.2542
14947,244,23,0.8175
14948,244,23,0.1417
14949,244,23,0.5050
14950,244,23,0.2379
14951,244,23,0.4393
14952,244,23,0.8767
14953,244,23,0.4050
14954,244,23,0.5654
14955,244,23,0.5770
14956,244,23,0.7135
14957,244,23,0.4345
14958,244,23,0.6469
14959,244,23,0.4190
14960,244,23,0.3853
14961,244,23,0.6798
14962,244,23,0.3815
14963,244,23,0.5750
14964,244,23,0.4594
14965,244,23,0.1265
14966,244,23,0.8724
14967,244,23,0.9804
14968,244,23,0.0134
14969,244,23,0.4137
14970,244,23,0.9516
14971,244,23,0.7040
14972,244,23,0.7456
14973,244,23,0.9839
14974,244,23,0.8551
14975,244,23,0.1886
14976,244,23,0.9784
14977,244,23,0.8090
14978,244,23,0.3067
14979,244,23,0.6033
14980,244,23,0.3100
14981,244,23,0.1364
14982,244,23,0.6725
14983,244,23,0.9141
14984,244,23,0.7672
14985,244,23,0.9249
14986,244,23,0.9130
14987,244,23,0.6917
14988,244,23,0.8196
14989,244,23,0.6892
14990,244,23,0.7816
14991,244,23,0.9202
14992,244,23,0.8529
14993,244,23,0.8588
14994,244,23,0.6521
14995,244,23,0.4668
14996,244,23,0.9575
14997,244,23,0.2262
14998,244,23,0.2794
14999,244,23,0.5077
15000,244,23,0.8012
15001,244,23,0.8268
15002,244,23,0.8051
15003,244,23,0.8036
15004,244,23,0.9831
15005,244,23,0.4548
15006,244,23,0.5580
15007,244,23,0.5798
15008,244,23,0.9102
15009,244,23,0.9732
15010,244,23,0.9861
15011,244,23,0.0787
15012,244,23,0.9489
15013,244,23,0.9236
15014,244,23,0.4982
15015,244,23,0.6677
15016,244,23,0.8000
15017,244,23,0.9553
15018,244,23,0.0204
15019,244,23,0.8382
15020,244,23,0.7672
15021,244,23,0.4190
15022,244,23,0.9703
15023,244,23,0.8216
15024,244,23,0.4213
15025,244,23,0.9422
15026,244,23,0.6795
15027,244,23,0.8199
15028,244,23,0.1311
15029,244,23,0.2672
15030,244,23,0.1329
15031,244,23,0.9812
15032,244,23,0.7288
15033,244,23,0.2188
15034,244,23,0.6975
15035,244,23,0.9130
15036,244,23,0.8484
15037,244,23,0.8930
15038,244,23,0.9770
15039,244,23,0.8783
15040,244,23,0.4887
15041,244,23,0.4078
15042,244,23,0.7746
15043,244,23,0.5223
15044,244,23,0.4692
15045,244,23,0.5630
15046,244,23,0.1878
15047,244,23,0.6833
15048,244,23,0.8141
15049,244,23,0.9548
15050,244,23,0.9427
15051,244,23,0.9854
15052,244,23,0.9016
15053,244,23,0.8736
15054,244,23,0.7110
15055,244,23,0.9628
15056,244,23,0.9827
15057,244,23,0.7343
15058,244,107,0.9518
15059,244,107,0.9873
15060,244,107,0.0349
15061,244,107,0.8957
15062,244,107,0.7585
15063,244,107,0.9734
15064,244,107,0.9817
15065,244,107,0.8319
15066,244,107,0.9856
15067,244,107,0.9860
15068,244,43,0.8825
15069,244,43,0.6976
15070,244,43,0.3661
15071,244,43,0.7638
15072,244,43,0.8507
15073,244,43,0.8757
15074,244,43,0.9417
15075,244,43,0.9130
15076,244,43,0.9145
15077,244,43,0.0397
15078,244,23,0.1852
15079,244,43,0.8876
15080,244,43,0.9833
15081,244,43,0.0390
15082,244,43,0.9585
15083,244,43,0.6974
15084,244,43,0.7672
15085,244,43,0.3954
15086,244,43,0.8724
15087,244,43,0.8014
15088,244,43,0.8258
15089,244,43,0.4145
15090,244,43,0.6967
15091,244,43,0.8727
15092,244,43,0.8068
15093,244,43,0.7246
15094,244,43,0.9048
15095,244,43,0.3822
15096,244,43,0.2255
15097,244,43,0.8066
15098,244,43,0.9502
15099,244,43,0.8555
15100,244,43,0.9706
15101,244,43,0.6733
15102,244,43,0.6708
15103,244,43,0.0843
15104,244,43,0.3508
15105,244,43,0.6331
15106,244,43,0.5037
15107,244,43,0.1816
15108,244,43,0.2806
15109,244,43,0.8816
15110,244,43,0.9844
15111,244,43,0.9389
15112,244,43,0.0348
15113,244,43,0.0145
15114,244,43,0.9255
15115,244,43,0.9510
15116,244,43,0.4952
15117,244,43,0.9579
15118,244,43,0.9167
15119,244,17,0.9404
15120,244,17,0.7626
15121,244,17,0.2564
15122,244,17,0.0413
15123,244,17,0.2730
15124,244,17,0.3996
15125,244,17,0.6988
15126,244,17,0.1652
15127,244,17,0.4431
15128,244,17,0.5950
15129,244,17,0.9329
15130,244,17,0.2199
15131,244,17,0.4103
15132,244,17,0.4043
15133,244,17,0.9534
15134,244,17,0.3017
15135,244,17,0.2997
15136,244,17,0.3044
15137,244,17,0.7259
15138,244,17,0.7335
15139,244,17,0.5914
15140,244,17,0.5694
15141,244,17,0.1662
15142,244,17,0.4231
15143,244,17,0.5573
15144,244,17,0.8970
15145,244,17,0.9788
15146,244,17,0.5344
15147,244,17,0.9540
15148,244,17,0.3929
15149,244,17,0.5928
15150,244,17,0.9683
15151,244,17,0.6211
15152,244,17,0.9639
15153,244,17,0.7093
15154,244,93,0.2180
15155,244,93,0.8466
15156,244,93,0.9079
15157,244,93,0.8360
15158,244,93,0.4747
15159,244,93,0.6356
15160,244,93,0.7560
15161,244,93,0.8459
15162,244,93,0.4507
15163,244,93,0.7523
15164,244,93,0.8047
15165,244,93,0.9614
15166,244,132,0.9612
15167,244,132,0.9783
15168,244,132,0.9507
15169,244,132,0.9887
15170,244,132,0.9894
15171,244,132,0.9346
15172,244,132,0.9270
15173,244,132,0.9803
15174,244,132,0.3562
15175,244,132,0.7567
15176,244,132,0.9249
15177,244,132,0.2015
15178,244,132,0.9762
15179,244,132,0.9795
15180,244,132,0.9861
15181,244,132,0.9645
15182,244,132,0.9855
15183,244,132,0.9813
15184,244,132,0.5348
15185,244,132,0.9861
15186,244,23,0.2770
15187,244,23,0.7713
15188,244,23,0.9242
15189,244,23,0.9799
15190,244,23,0.6212
15191,244,23,0.8203
15192,244,23,0.4838
15193,244,23,0.3699
15194,244,23,0.9838
15195,244,23,0.9659
15196,244,23,0.8407
15197,244,23,0.4736
15198,244,23,0.8502
15199,244,23,0.9191
15200,244,23,0.9772
15201,244,23,0.9861
15202,244,23,0.2331
15203,244,23,0.9624
15204,244,23,0.9842
15205,244,23,0.9873
15206,244,23,0.8416
15207,244,23,0.6568
15208,244,23,0.0566
15209,244,23,0.8665
15210,244,23,0.9366
15211,244,23,0.9770
15212,244,23,0.1983
15213,244,23,0.7930
15214,244,23,0.4232
15215,244,23,0.8240
15216,244,23,0.0668
15217,244,23,0.7455
15218,244,23,0.6478
15219,244,23,0.8295
15220,244,23,0.9756
15221,244,23,0.5061
15222,244,23,0.7830
15223,244,23,0.7404
15224,244,23,0.6446
15225,244,23,0.5238
15226,244,23,0.2968
15227,244,23,0.9503
15228,244,23,0.9840
15229,244,23,0.9647
15230,244,23,0.6358
15231,244,23,0.7963
15232,244,23,0.9778
15233,244,23,0.7401
15234,244,23,0.8195
15235,244,23,0.7965
15236,244,23,0.9504
15237,244,23,0.9815
15238,244,23,0.1791
15239,244,23,0.6682
15240,244,23,0.5453
15241,244,23,0.3185
15242,244,23,0.7132
15243,244,23,0.9793
15244,244,23,0.7001
15245,244,23,0.8541
15246,244,23,0.7542
15247,244,23,0.9614
15248,244,23,0.5778
15249,244,23,0.7324
15250,244,23,0.8962
15251,244,23,0.9233
15252,244,23,0.2401
15253,244,23,0.3964
15254,244,23,0.9243
15255,244,23,0.9414
15256,244,23,0.2161
15257,244,23,0.6997
15258,244,23,0.9056
15259,244,23,0.5835
15260,244,23,0.9653
15261,244,23,0.9860
15262,244,23,0.9834
15263,244,23,0.4350
15264,244,23,0.9807
15265,244,23,0.7292
15266,244,23,0.5714
15267,244,23,0.6164
15268,244,23,0.0264
15269,244,23,0.3137
15270,244,23,0.9296
15271,244,23,0.9706
15272,244,23,0.4652
15273,244,23,0.9822
15274,244,23,0.9796
15275,244,23,0.9785
15276,244,23,0.0694
15277,244,23,0.9411
15278,244,23,0.9719
15279,244,23,0.9883
15280,244,23,0.8367
15281,244,23,0.9370
15282,244,23,0.6926
15283,244,23,0.6326
15284,244,23,0.6734
15285,244,23,0.8479
15286,244,23,0.5538
15287,244,23,0.9791
15288,244,23,0.9822
15289,244,23,0.9941
15290,244,23,0.9954
15291,244,23,0.9951
15292,244,23,0.9955
15293,244,23,0.9953
15294,244,23,0.9956
15295,244,23,0.9177
15296,244,23,0.3793
15297,244,23,0.3771
15298,244,23,0.7842
15299,244,23,0.9432
15300,244,23,0.1280
15301,244,23,0.6534
15302,244,23,0.1364
15303,244,23,0.0463
15304,244,23,0.8820
15305,244,23,0.3134
15306,244,23,0.0475
15307,244,23,0.9098
15308,244,23,0.3181
15309,244,23,0.7196
15310,244,23,0.7153
15311,244,23,0.9534
15312,244,23,0.9040
15313,244,23,0.7367
15314,244,23,0.4429
15315,244,23,0.2597
15316,244,23,0.9062
15317,244,23,0.0205
15318,244,23,0.8918
15319,244,23,0.9557
15320,244,23,0.9568
15321,244,23,0.9828
15322,244,23,0.9892
15323,244,23,0.7534
15324,244,23,0.9031
15325,244,23,0.7706
15326,244,23,0.5540
15327,244,23,0.2583
15328,244,23,0.8891
15329,244,23,0.9893
15330,244,23,0.0059
15331,244,23,0.8861
15332,244,23,0.2774
15333,244,23,0.9557
15334,244,23,0.0122
15335,244,23,0.6649
15336,244,23,0.9671
15337,244,23,0.9646
15338,244,23,0.0086
15339,244,23,0.7377
15340,244,23,0.2359
15341,244,23,0.8696
15342,244,23,0.9452
15343,244,23,0.9825
15344,244,23,0.4208
15345,244,23,0.0569
15346,244,23,0.3106
15347,244,23,0.9604
15348,244,23,0.1153
15349,244,23,0.3575
15350,244,23,0.0698
15351,244,23,0.4367
15352,244,23,0.1331
15353,244,23,0.0985
15354,244,23,0.4434
15355,244,23,0.5207
15356,244,23,0.8178
15357,244,23,0.7562
15358,244,23,0.8852
15359,244,23,0.8585
15360,244,23,0.9454
15361,244,23,0.8078
15362,244,23,0.8749
15363,244,23,0.2291
15364,244,23,0.8334
15365,244,23,0.6770
15366,244,23,0.9716
15367,244,23,0.9877
15368,244,23,0.9946
15369,244,23,0.9952
15370,244,23,0.4783
15371,244,23,0.9784
15372,244,23,0.7703
15373,244,23,0.6090
15374,244,23,0.9662
15375,244,23,0.4160
15376,244,23,0.9830
15377,244,23,0.7404
15378,244,23,0.7680
15379,244,23,0.5702
15380,244,23,0.5658
15381,244,23,0.6585
15382,244,23,0.7751
15383,244,23,0.8040
15384,244,23,0.8346
15385,244,23,0.3089
15386,244,23,0.8266
15387,244,23,0.9174
15388,244,23,0.9341
15389,244,23,0.5111
15390,244,23,0.9613
15391,244,23,0.7517
15392,244,23,0.0263
15393,244,23,0.2692
15394,244,23,0.5636
15395,244,23,0.2979
15396,244,23,0.4104
15397,244,23,0.9463
15398,244,23,0.7136
15399,244,23,0.8932
15400,244,23,0.3483
15401,244,23,0.4951
15402,244,23,0.4975
15403,244,23,0.3502
15404,244,23,0.4374
15405,244,23,0.3925
15406,244,23,0.7221
15407,244,23,0.8369
15408,244,23,0.5875
15409,244,23,0.8186
15410,244,23,0.9377
15411,244,23,0.7645
15412,244,23,0.8954
15413,244,23,0.5381
15414,244,23,0.6929
15415,244,23,0.8578
15416,244,23,0.7039
15417,244,23,0.6262
15418,244,23,0.7794
15419,244,23,0.4011
15420,244,23,0.7892
15421,244,23,0.9004
15422,244,23,0.9680
15423,244,23,0.9864
15424,244,23,0.9929
15425,244,23,0.9942
15426,244,23,0.9941
15427,244,23,0.9684
15428,244,23,0.3651
15429,244,23,0.9044
15430,244,23,0.0745
15431,244,23,0.9576
15432,244,23,0.5318
15433,244,23,0.2917
15434,244,23,0.3772
15435,244,23,0.0934
15436,244,23,0.8517
15437,244,23,0.8252
15438,244,23,0.4209
15439,244,23,0.6736
15440,244,23,0.9316
15441,244,23,0.2116
15442,244,23,0.9619
15443,244,23,0.9402
15444,244,23,0.1867
15445,244,23,0.2186
15446,244,23,0.9408
15447,244,23,0.2136
15448,244,23,0.9751
15449,244,23,0.9716
15450,244,23,0.0311
15451,244,23,0.7880
15452,244,23,0.8201
15453,244,23,0.6575
15454,244,23,0.9066
15455,244,23,0.4593
15456,244,23,0.9377
15457,244,23,0.9560
15458,244,23,0.9581
15459,244,23,0.9900
15460,244,23,0.9947
15461,244,23,0.9951
15462,244,23,0.9955
15463,244,23,0.9956
15464,244,23,0.9954
15465,244,23,0.9956
15466,244,23,0.9155
15467,244,23,0.4092
15468,244,23,0.3604
15469,244,23,0.4894
15470,244,23,0.4868
15471,244,23,0.4843
15472,244,23,0.3192
15473,244,23,0.1743
15474,244,23,0.5772
15475,244,23,0.8899
15476,244,23,0.6178
15477,244,23,0.7607
15478,244,23,0.8928
15479,244,23,0.1432
15480,244,23,0.5064
15481,244,23,0.4990
15482,244,23,0.8277
15483,244,23,0.9190
15484,244,23,0.0375
15485,244,23,0.7225
15486,244,23,0.4523
15487,244,23,0.4810
15488,244,23,0.3503
15489,244,23,0.5444
15490,244,23,0.4642
15491,244,23,0.5116
15492,244,23,0.1949
15493,244,23,0.7843
15494,244,23,0.7930
15495,244,23,0.9003
15496,244,23,0.5286
15497,244,23,0.2729
15498,244,23,0.6558
15499,244,23,0.4097
15500,244,23,0.4727
15501,244,23,0.6590
15502,244,23,0.8375
15503,244,23,0.9178
15504,244,23,0.9638
15505,244,23,0.9833
15506,244,23,0.5068
15507,244,23,0.4371
15508,244,23,0.5196
15509,244,23,0.6110
15510,244,23,0.8382
15511,244,23,0.9351
15512,244,23,0.9722
15513,244,23,0.9864
15514,244,23,0.9897
15515,244,23,0.9896
15516,244,23,0.8641
15517,244,23,0.5619
15518,244,23,0.5757
15519,244,23,0.8225
15520,244,23,0.9502
15521,244,23,0.9810
15522,244,23,0.9895
15523,244,23,0.9907
15524,244,23,0.9909
15525,244,23,0.9914
15526,244,23,0.4296
15527,244,23,0.3446
15528,244,23,0.0523
15529,244,23,0.6319
15530,244,23,0.5953
15531,244,23,0.1416
15532,244,23,0.3620
15533,244,23,0.2387
15534,244,23,0.5031
15535,244,23,0.5616
15536,244,23,0.5538
15537,244,23,0.6288
15538,244,23,0.7947
15539,244,23,0.1558
15540,244,23,0.5008
15541,244,23,0.5004
15542,244,23,0.6386
15543,244,23,0.7950
15544,244,23,0.9012
15545,244,23,0.9274
15546,244,23,0.1198
15547,244,23,0.7364
15548,244,23,0.8824
15549,244,23,0.0155
15550,244,23,0.2094
15551,244,23,0.5901
15552,244,23,0.3859
15553,244,23,0.6975
15554,244,23,0.2836
15555,244,23,0.6197
15556,244,23,0.2149
15557,244,23,0.1987
15558,244,23,0.6292
15559,244,23,0.5542
15560,244,23,0.7601
15561,244,23,0.1484
15562,244,23,0.4959
15563,244,23,0.4867
15564,244,23,0.5020
15565,244,23,0.2826
15566,244,23,0.4692
15567,244,23,0.2839
15568,244,23,0.9100
15569,244,23,0.9856
15570,244,23,0.9940
15571,244,23,0.9954
15572,244,23,0.9954
15573,244,23,0.9949
15574,244,23,0.9950
15575,244,23,0.9951
15576,244,23,0.8254
15577,244,23,0.2421
15578,244,23,0.3966
15579,244,132,0.9525
15580,244,132,0.2276
15581,244,132,0.9411
15582,244,132,0.9785
15583,244,132,0.9909
15584,244,132,0.9956
15585,244,132,0.9973
15586,244,132,0.9927
15587,244,132,0.9970
15588,244,132,0.9959
15589,244,23,0.8455
15590,244,23,0.8039
15591,244,23,0.3647
15592,244,23,0.5653
15593,244,23,0.9770
15594,244,23,0.9616
15595,244,23,0.3998
15596,244,23,0.1858
15597,244,23,0.8291
15598,244,23,0.9674
15599,244,23,0.8177
15600,244,23,0.9831
15601,244,23,0.9835
15602,244,23,0.7049
15603,244,23,0.9885
15604,244,23,0.9876
15605,244,23,0.9458
15606,244,23,0.2513
15607,244,23,0.8965
15608,244,23,0.7604
15609,244,23,0.2152
15610,244,23,0.7156
15611,244,23,0.7726
15612,244,23,0.9300
15613,244,23,0.1758
15614,244,23,0.9585
15615,244,93,0.6128
15616,244,93,0.8395
15617,244,93,0.9017
15618,244,93,0.9845
15619,244,93,0.9914
15620,244,93,0.9954
15621,244,93,0.9909
15622,244,93,0.9953
15623,244,93,0.9954
15624,244,93,0.9958
