ID,User_ID,Bot_Strategy,Accuracy
0,1,59,0.8960
1,1,59,0.8026
2,1,59,0.6086
3,1,59,0.2957
4,1,59,0.7223
5,1,59,0.6112
6,1,59,0.7178
7,1,59,0.9130
8,1,59,0.9612
9,1,59,0.9150
169,7,59,0.7194
170,7,59,0.9583
171,7,59,0.8720
172,7,59,0.6708
173,7,59,0.9159
174,7,59,0.6674
175,7,59,0.9675
176,7,59,0.9330
177,7,59,0.9541
298,8,59,0.8367
299,8,59,0.8523
300,8,59,0.6898
301,8,59,0.9401
302,8,59,0.5806
303,8,59,0.2259
304,8,59,0.9001
305,8,59,0.2339
306,8,59,0.4862
307,8,59,0.2866
805,20,59,0.6135
806,20,59,0.9264
807,20,59,0.7902
808,20,59,0.9414
809,20,59,0.9779
810,20,59,0.5702
811,20,59,0.6661
812,20,59,0.4880
813,20,59,0.5667
814,20,59,0.2464
10,1,59,0.9771
11,1,59,0.9483
12,1,59,0.8014
13,1,59,0.3836
14,1,59,0.8913
15,1,59,0.2365
16,1,59,0.8854
17,1,59,0.7965
18,1,59,0.8568
19,1,59,0.8113
178,7,19,0.6113
179,7,19,0.9236
180,7,19,0.7537
181,7,19,0.8083
182,7,19,0.7387
183,7,19,0.7657
184,7,19,0.0783
185,7,19,0.4467
186,7,19,0.9614
187,7,19,0.9859
308,8,59,0.4120
309,8,59,0.2586
310,8,59,0.1945
311,8,59,0.9250
312,8,59,0.9762
313,8,59,0.9838
314,8,59,0.9882
315,8,59,0.9911
316,8,59,0.9922
317,8,59,0.9925
815,20,59,0.9001
816,20,59,0.9116
817,20,59,0.4916
818,20,59,0.4511
819,20,59,0.0893
820,20,59,0.5393
821,20,59,0.9434
822,20,59,0.3632
823,20,59,0.9473
824,20,59,0.8824
20,1,59,0.9111
21,1,59,0.1986
22,1,59,0.9477
23,1,59,0.8192
24,1,59,0.9796
25,1,59,0.9016
26,1,59,0.9685
27,1,59,0.4930
28,1,59,0.6466
29,1,59,0.6781
188,7,19,0.9483
189,7,19,0.9513
190,7,19,0.3540
191,7,19,0.6474
192,7,19,0.5057
193,7,19,0.9273
194,7,19,0.4272
195,7,19,0.4234
196,7,19,0.7313
197,7,19,0.9656
318,8,59,0.0991
319,8,59,0.3175
320,8,59,0.9412
321,8,59,0.9857
322,8,59,0.9921
323,8,59,0.9927
324,8,59,0.9922
325,8,59,0.9899
326,8,59,0.9927
327,8,59,0.9914
825,20,59,0.7885
826,20,59,0.9881
827,20,59,0.9228
828,20,59,0.9741
829,20,59,0.1846
830,20,59,0.9353
831,20,59,0.9312
832,20,59,0.9848
833,20,59,0.7604
834,20,59,0.9904
30,1,59,0.7580
31,1,59,0.8658
32,1,59,0.8529
33,1,59,0.8823
34,1,59,0.9721
35,1,59,0.9397
36,1,59,0.9784
37,1,59,0.2103
38,1,59,0.8648
39,1,59,0.9082
198,7,19,0.8225
199,7,19,0.9359
200,7,19,0.8049
201,7,19,0.9631
202,7,19,0.9543
203,7,19,0.9832
204,7,19,0.9872
205,7,19,0.9834
206,7,19,0.9865
207,7,19,0.9756
328,8,59,0.9419
329,8,59,0.8058
330,8,59,0.8731
331,8,59,0.8940
332,8,59,0.9643
333,8,59,0.9838
334,8,59,0.9206
335,8,59,0.4431
336,8,59,0.9431
337,8,59,0.2176
835,20,59,0.9924
836,20,59,0.7800
837,20,59,0.3152
838,20,59,0.5703
839,20,59,0.9324
840,20,59,0.9839
841,20,59,0.9835
842,20,59,0.9862
843,20,59,0.9870
40,1,59,0.9251
41,1,59,0.8952
42,1,59,0.7381
43,1,59,0.0316
44,1,59,0.3690
45,1,59,0.8992
46,1,59,0.9024
47,1,59,0.8499
48,1,59,0.8644
49,1,59,0.8429
208,7,19,0.1258
209,7,19,0.6637
210,7,19,0.9020
211,7,19,0.9541
212,7,19,0.9848
213,7,19,0.9748
214,7,19,0.9538
215,7,19,0.9683
216,7,19,0.9757
217,7,19,0.9587
338,8,59,0.7519
339,8,59,0.0376
340,8,59,0.8678
341,8,59,0.9896
342,8,59,0.2260
343,8,59,0.3227
344,8,59,0.7286
345,8,59,0.8965
346,8,59,0.9831
347,8,59,0.9783
844,20,19,0.6236
845,20,19,0.6159
846,20,19,0.6534
847,20,19,0.6976
848,20,19,0.9434
849,20,19,0.7329
850,20,19,0.5464
851,20,19,0.8524
852,20,19,0.8068
853,20,19,0.9519
50,1,59,0.9132
51,1,59,0.9485
52,1,59,0.3473
53,1,59,0.9499
54,1,59,0.3621
55,1,59,0.5030
56,1,59,0.2865
57,1,59,0.2208
58,1,59,0.4075
59,1,59,0.2450
218,7,19,0.6465
219,7,19,0.0783
220,7,19,0.8263
221,7,19,0.9670
222,7,19,0.9884
223,7,19,0.9868
224,7,19,0.9869
225,7,19,0.9796
226,7,19,0.9785
227,7,19,0.9819
348,8,19,0.0201
349,8,19,0.6460
854,20,19,0.7897
855,20,19,0.9506
856,20,19,0.6168
857,20,19,0.3329
858,20,19,0.6036
859,20,19,0.7373
860,20,19,0.9775
861,20,19,0.4457
862,20,19,0.5179
863,20,19,0.9744
60,1,59,0.1605
61,1,59,0.6560
62,1,59,0.8650
63,1,59,0.1866
64,1,59,0.5969
65,1,59,0.5388
66,1,59,0.0281
67,1,59,0.9413
68,1,59,0.2870
69,1,59,0.0876
228,7,19,0.8225
229,7,19,0.6694
230,7,19,0.8430
231,7,19,0.9254
232,7,19,0.9788
233,7,19,0.9815
234,7,19,0.9800
235,7,19,0.9823
236,7,19,0.9601
237,7,19,0.9830
350,8,19,0.9056
351,8,19,0.6367
352,8,19,0.4265
353,8,19,0.7490
354,8,19,0.6816
355,8,19,0.7367
356,8,19,0.5175
357,8,19,0.8824
358,8,19,0.9217
359,8,19,0.4904
864,20,19,0.7706
865,20,19,0.9784
866,20,19,0.9608
867,20,19,0.9441
868,20,19,0.8021
869,20,19,0.8827
870,20,19,0.8495
871,20,19,0.9867
872,20,19,0.7376
873,20,19,0.9469
70,1,59,0.4959
71,1,59,0.9483
72,1,59,0.5814
73,1,59,0.8109
74,1,59,0.9494
75,1,59,0.6242
76,1,59,0.3462
77,1,59,0.1513
78,1,59,0.3159
238,7,19,0.7066
239,7,19,0.9602
240,7,19,0.7351
241,7,19,0.8849
242,7,19,0.9399
243,7,19,0.9646
244,7,19,0.9774
245,7,19,0.9829
246,7,19,0.9836
247,7,19,0.9879
360,8,19,0.6050
361,8,19,0.2591
362,8,19,0.3827
363,8,19,0.3262
364,8,19,0.7667
365,8,19,0.9151
366,8,19,0.9679
367,8,19,0.9842
368,8,19,0.9867
369,8,19,0.9892
874,20,19,0.9188
875,20,19,0.9114
876,20,19,0.5623
877,20,19,0.7992
878,20,19,0.5451
879,20,19,0.9749
880,20,19,0.9427
881,20,19,0.6954
882,20,19,0.9735
883,20,19,0.4142
79,1,19,0.6494
80,1,19,0.9212
81,1,19,0.1529
82,1,19,0.6935
83,1,19,0.7663
84,1,19,0.2080
85,1,19,0.7901
86,1,19,0.9507
87,1,19,0.8333
88,1,19,0.6632
248,7,19,0.1195
249,7,19,0.5980
250,7,19,0.7617
251,7,19,0.8891
252,7,19,0.9700
253,7,19,0.9727
254,7,19,0.9753
255,7,19,0.9757
256,7,19,0.9821
257,7,19,0.9811
370,8,59,0.0270
371,8,59,0.5439
372,8,59,0.9309
884,20,19,0.2197
885,20,19,0.5902
886,20,19,0.3938
887,20,19,0.5893
888,20,19,0.5339
889,20,19,0.8731
890,20,19,0.8693
891,20,19,0.9019
892,20,19,0.8232
893,20,19,0.9134
89,1,19,0.7050
90,1,19,0.5918
91,1,19,0.1055
92,1,19,0.1439
93,1,19,0.1791
94,1,19,0.5985
95,1,19,0.6023
96,1,19,0.8882
97,1,19,0.5146
98,1,19,0.9039
258,7,19,0.8083
259,7,19,0.8854
260,7,19,0.7282
261,7,19,0.4642
262,7,19,0.5845
263,7,19,0.6510
264,7,19,0.9695
265,7,19,0.9890
266,7,19,0.9933
267,7,19,0.9945
373,8,59,0.8718
374,8,59,0.2744
375,8,59,0.9676
376,8,59,0.9883
377,8,59,0.9870
378,8,59,0.0553
894,20,19,0.4463
895,20,19,0.4553
896,20,19,0.8041
897,20,19,0.9823
898,20,19,0.8990
899,20,19,0.9919
900,20,19,0.9915
901,20,19,0.9939
902,20,19,0.9940
903,20,19,0.9949
99,1,19,0.1019
100,1,19,0.4767
101,1,19,0.9364
102,1,19,0.9728
103,1,19,0.9610
104,1,19,0.9813
105,1,19,0.9675
106,1,19,0.9749
107,1,19,0.8413
108,1,19,0.9679
268,7,19,0.9562
269,7,19,0.5343
270,7,19,0.3366
271,7,19,0.4273
272,7,19,0.9296
273,7,19,0.7016
274,7,19,0.9698
275,7,19,0.8940
276,7,19,0.2792
277,7,19,0.9577
379,8,59,0.5701
380,8,59,0.3988
381,8,59,0.7355
382,8,59,0.9189
383,8,59,0.7692
384,8,59,0.0638
385,8,59,0.4711
386,8,59,0.5051
387,8,59,0.8989
388,8,59,0.1797
904,20,19,0.7451
905,20,19,0.8503
906,20,19,0.8923
907,20,19,0.9652
908,20,19,0.9747
909,20,19,0.9693
910,20,19,0.9792
911,20,19,0.9805
912,20,19,0.9526
913,20,19,0.5545
109,1,19,0.4710
110,1,19,0.4487
111,1,19,0.8224
112,1,19,0.9735
113,1,19,0.9838
114,1,19,0.9856
115,1,19,0.9832
116,1,19,0.9883
117,1,19,0.9907
118,1,19,0.9894
278,7,19,0.9232
279,7,19,0.7564
280,7,19,0.5477
281,7,19,0.7174
282,7,19,0.7622
283,7,19,0.9696
284,7,19,0.9379
285,7,19,0.5493
286,7,19,0.9887
287,7,19,0.9468
389,8,59,0.7709
390,8,59,0.4570
391,8,59,0.7937
392,8,59,0.9241
393,8,59,0.0993
394,8,59,0.0676
395,8,59,0.6492
396,8,59,0.9035
397,8,59,0.3503
398,8,59,0.9905
914,20,19,0.2191
119,1,19,0.0622
120,1,19,0.3618
121,1,19,0.8072
122,1,19,0.8266
123,1,19,0.9172
124,1,19,0.9716
125,1,19,0.8941
126,1,19,0.9634
127,1,19,0.9585
128,1,19,0.9564
288,7,19,0.8296
289,7,19,0.9630
290,7,19,0.8057
291,7,19,0.8926
292,7,19,0.9061
293,7,19,0.9750
294,7,19,0.9680
295,7,19,0.9653
296,7,19,0.9861
297,7,19,0.9575
399,8,59,0.2102
400,8,59,0.8961
401,8,59,0.3465
402,8,59,0.5416
915,22,59,0.7481
916,22,59,0.9144
917,22,59,0.8709
918,22,59,0.0956
919,22,59,0.8192
920,22,59,0.8222
921,22,59,0.9211
922,22,59,0.9627
923,22,59,0.7233
924,22,59,0.8853
129,1,19,0.3248
130,1,19,0.4373
131,1,19,0.8246
132,1,19,0.8709
133,1,19,0.7740
134,1,19,0.8480
135,1,19,0.8224
136,1,19,0.9716
137,1,19,0.9513
138,1,19,0.9793
403,8,59,0.9616
404,8,59,0.8773
405,8,59,0.8178
406,8,59,0.6727
407,8,59,0.3948
925,22,59,0.8523
926,22,59,0.6090
927,22,59,0.1842
928,22,59,0.9494
929,22,59,0.9079
930,22,59,0.9859
931,22,59,0.9803
932,22,59,0.9709
1014,25,59,0.7486
1015,25,59,0.9579
1016,25,59,0.7854
1017,25,59,0.1799
1018,25,59,0.9892
1019,25,59,0.9760
1020,25,59,0.9755
1021,25,59,0.9810
1022,25,59,0.8636
1023,25,59,0.8650
139,1,19,0.8748
140,1,19,0.9547
141,1,19,0.9296
142,1,19,0.9066
143,1,19,0.7427
144,1,19,0.0577
145,1,19,0.9241
146,1,19,0.8715
147,1,19,0.8198
148,1,19,0.5238
408,8,59,0.7997
409,8,59,0.5605
410,8,59,0.9510
411,8,59,0.8612
412,8,59,0.6554
413,8,59,0.8178
933,22,19,0.6036
934,22,19,0.3691
935,22,19,0.2911
936,22,19,0.1979
937,22,19,0.3813
938,22,19,0.7436
939,22,19,0.9686
940,22,19,0.3201
941,22,19,0.9776
942,22,19,0.8512
1024,25,19,0.7645
1025,25,19,0.3093
1026,25,19,0.7201
1027,25,19,0.5016
1028,25,19,0.8100
1029,25,19,0.4229
1030,25,19,0.9135
1031,25,19,0.9391
1032,25,19,0.8580
1033,25,19,0.9875
149,1,19,0.5242
150,1,19,0.4310
151,1,19,0.8755
152,1,19,0.8041
153,1,19,0.9435
154,1,19,0.4065
155,1,19,0.8437
156,1,19,0.8394
157,1,19,0.9792
158,1,19,0.9872
414,8,59,0.6332
415,8,59,0.9335
416,8,59,0.7942
417,8,59,0.6147
418,8,59,0.6104
419,8,59,0.3606
943,22,19,0.9141
944,22,19,0.9342
945,22,19,0.7568
946,22,19,0.5500
1034,25,19,0.8053
1035,25,19,0.9229
1036,25,19,0.8377
1037,25,19,0.1477
1038,25,19,0.8386
1039,25,19,0.9215
1040,25,19,0.7290
1041,25,19,0.8665
1042,25,19,0.4138
1043,25,19,0.9282
159,1,19,0.5415
160,1,19,0.8568
161,1,19,0.8548
162,1,19,0.9538
163,1,19,0.9726
164,1,19,0.9509
165,1,19,0.1761
166,1,19,0.9571
167,1,19,0.9763
168,1,19,0.9652
420,8,59,0.3926
421,8,59,0.8628
422,8,59,0.8440
423,8,59,0.9200
424,8,59,0.2483
425,8,59,0.7403
947,22,19,0.8005
948,22,19,0.8568
949,22,19,0.9351
950,22,19,0.7004
951,22,19,0.6859
952,22,19,0.2165
1044,25,19,0.7957
1045,25,19,0.3817
1046,25,19,0.7299
1047,25,19,0.7324
1048,25,19,0.9258
1049,25,19,0.1287
1050,25,19,0.4762
1051,25,19,0.9606
1052,25,19,0.2716
1053,25,19,0.7686
426,8,59,0.9256
427,8,59,0.2739
428,8,59,0.9387
429,8,59,0.1412
430,8,59,0.4612
431,8,59,0.7616
432,8,59,0.9126
433,8,59,0.3159
434,8,59,0.8869
435,8,59,0.1851
953,22,19,0.6172
954,22,19,0.6937
955,22,19,0.5296
956,22,19,0.9091
957,22,19,0.1489
958,22,19,0.1452
959,22,19,0.8723
960,22,19,0.8578
961,22,19,0.8370
962,22,19,0.1597
1054,25,19,0.2136
1055,25,19,0.6289
1056,25,19,0.5635
1057,25,19,0.9271
1058,25,19,0.9801
1059,25,19,0.5277
1060,25,19,0.9785
1061,25,19,0.9123
1062,25,19,0.4557
1063,25,19,0.9422
1101,30,59,0.5595
1102,30,59,0.9274
1103,30,59,0.9683
1104,30,59,0.6628
1105,30,59,0.0873
1106,30,59,0.7082
1107,30,59,0.9026
1108,30,59,0.9785
1109,30,59,0.8917
1110,30,59,0.9193
436,8,59,0.0766
437,8,59,0.6283
963,22,19,0.1526
964,22,19,0.5463
1064,25,19,0.7907
1065,25,19,0.9616
1066,25,19,0.9604
1067,25,19,0.8541
1068,25,19,0.7992
1069,25,19,0.7758
1070,25,19,0.8254
1071,25,19,0.6158
1072,25,19,0.9594
1073,25,19,0.9767
1111,30,19,0.3518
1112,30,19,0.1651
1113,30,19,0.2922
1114,30,19,0.6292
1115,30,19,0.9862
1116,30,19,0.9894
1117,30,19,0.9941
1118,30,19,0.9904
1119,30,19,0.9948
1120,30,19,0.9937
438,8,59,0.9060
439,8,59,0.9374
440,8,59,0.5467
441,8,59,0.4647
442,8,59,0.7735
443,8,59,0.7604
444,8,59,0.9201
445,8,59,0.8602
446,8,59,0.0612
965,22,19,0.8331
966,22,19,0.4855
967,22,19,0.9060
968,22,19,0.0768
969,22,19,0.9633
970,22,19,0.8610
971,22,19,0.9424
972,22,19,0.9650
973,22,19,0.4566
974,22,19,0.9780
1074,25,19,0.2883
1075,25,19,0.8288
1076,25,19,0.2398
1121,30,19,0.5128
1122,30,19,0.5596
1123,30,19,0.8213
1124,30,19,0.8320
1125,30,19,0.9546
1126,30,19,0.9653
1127,30,19,0.9834
1128,30,19,0.9874
1129,30,19,0.9870
1130,30,19,0.9885
447,8,59,0.9488
448,8,59,0.6010
449,8,59,0.5648
450,8,59,0.3814
451,8,59,0.7909
975,22,19,0.8483
976,22,19,0.7154
977,22,19,0.9339
978,22,19,0.1540
1077,25,19,0.7926
1078,25,19,0.9655
1079,25,19,0.8087
1080,25,19,0.1218
1081,25,19,0.8967
1082,25,19,0.8441
1083,25,19,0.8270
1084,25,19,0.9444
1085,25,19,0.9616
1086,25,19,0.1349
1131,30,19,0.9821
1132,30,19,0.2191
1133,30,19,0.9201
1134,30,19,0.9662
1135,30,19,0.0103
1136,30,19,0.4402
1137,30,19,0.7222
1138,30,19,0.8495
1139,30,19,0.0824
1140,30,19,0.2946
452,8,59,0.8750
453,8,59,0.7537
454,8,59,0.8760
455,8,59,0.4656
456,8,59,0.6212
979,22,19,0.8244
980,22,19,0.9316
981,22,19,0.9249
982,22,19,0.7200
983,22,19,0.9271
984,22,19,0.7390
985,22,19,0.6607
986,22,19,0.7086
987,22,19,0.8192
988,22,19,0.8965
1087,25,19,0.6512
1088,25,19,0.4205
1141,30,19,0.4904
1142,30,19,0.1631
1143,30,19,0.2466
1144,30,19,0.7453
1145,30,19,0.7041
1146,30,19,0.8969
1147,30,19,0.8313
1148,30,19,0.9047
1149,30,19,0.8484
1150,30,19,0.9202
457,8,59,0.8172
458,8,59,0.8731
459,8,59,0.6027
460,8,59,0.9262
461,8,59,0.7157
462,8,59,0.1988
463,8,59,0.8769
464,8,59,0.9115
465,8,59,0.8297
466,8,59,0.0918
989,22,19,0.8507
990,22,19,0.4858
991,22,19,0.8835
992,22,19,0.7896
993,22,19,0.7577
994,22,19,0.4423
995,22,19,0.1861
1089,25,19,0.6602
1090,25,19,0.5990
1151,30,19,0.0579
1152,30,19,0.3850
1153,30,19,0.2273
1154,30,19,0.4179
1155,30,19,0.6409
1156,30,19,0.4339
1157,30,19,0.5719
1158,30,19,0.7319
1159,30,19,0.7601
1160,30,19,0.8652
467,8,59,0.0610
468,8,59,0.4502
469,8,59,0.8000
470,8,59,0.9449
471,8,59,0.9074
472,8,59,0.9721
473,8,59,0.8448
996,22,19,0.8214
997,22,19,0.9317
998,22,19,0.8524
999,22,19,0.7343
1000,22,19,0.8118
1001,22,19,0.0981
1002,22,19,0.0531
1003,22,19,0.2335
1091,25,19,0.5960
1092,25,19,0.8596
1093,25,19,0.9689
1094,25,19,0.7626
1095,25,19,0.9176
1096,25,19,0.9264
1097,25,19,0.7890
1098,25,19,0.9352
1099,25,19,0.9827
1100,25,19,0.9863
1161,30,19,0.9518
1162,30,19,0.1654
1163,30,19,0.6116
1164,30,19,0.1446
1165,30,19,0.3826
1166,30,19,0.5497
1167,30,19,0.2091
1168,30,19,0.5991
1169,30,19,0.5258
1170,30,19,0.3953
474,8,59,0.5851
475,8,59,0.4976
476,8,59,0.3021
477,8,59,0.3900
1004,22,19,0.8859
1005,22,19,0.9439
1006,22,19,0.9798
1007,22,19,0.4599
1008,22,19,0.9880
1009,22,19,0.6898
1010,22,19,0.9757
1011,22,19,0.8987
1012,22,19,0.8999
1013,22,19,0.8479
1171,30,19,0.1299
1172,30,19,0.4265
1173,30,19,0.1853
1174,30,19,0.4628
1175,30,19,0.5469
1176,30,19,0.7826
1177,30,19,0.1451
1178,30,19,0.5334
1179,30,19,0.3129
1180,30,19,0.3525
1210,37,59,0.7699
1211,37,59,0.9737
1212,37,59,0.8040
1213,37,59,0.2207
1214,37,59,0.8837
1215,37,59,0.9400
1216,37,59,0.8153
1217,37,59,0.8397
1218,37,59,0.8770
1219,37,59,0.7896
478,8,59,0.8513
479,8,59,0.9557
480,8,59,0.2051
481,8,59,0.3686
482,8,59,0.8102
1181,30,19,0.1400
1182,30,19,0.7027
1183,30,19,0.0888
1184,30,19,0.5013
1185,30,19,0.6628
1186,30,19,0.5344
1187,30,19,0.6257
1188,30,19,0.5380
1189,30,19,0.4372
1190,30,19,0.6553
1220,37,59,0.9545
1221,37,59,0.5973
1222,37,59,0.2625
1320,50,59,0.9321
1321,50,59,0.9199
1322,50,59,0.9227
1323,50,59,0.8598
1324,50,59,0.9580
1325,50,59,0.1282
1326,50,59,0.9574
1327,50,59,0.9683
483,8,59,0.8703
484,8,59,0.8791
485,8,59,0.1530
486,8,59,0.6187
1191,30,19,0.4134
1192,30,19,0.8820
1193,30,19,0.9801
1194,30,19,0.4979
1195,30,19,0.9747
1196,30,19,0.6568
1197,30,19,0.9480
1198,30,19,0.7483
1199,30,19,0.9370
1223,37,59,0.9169
1224,37,59,0.1632
1225,37,59,0.9892
1226,37,59,0.8534
1227,37,59,0.1623
1228,37,59,0.7093
1229,37,59,0.8403
1230,37,59,0.8718
1231,37,59,0.8585
1232,37,59,0.7287
1328,50,59,0.3889
1329,50,59,0.9445
1330,50,59,0.2992
1331,50,59,0.5570
1332,50,59,0.9386
1333,50,59,0.9062
487,8,59,0.8568
488,8,59,0.7964
489,8,59,0.5342
490,8,59,0.6809
491,8,59,0.9067
492,8,59,0.9698
493,8,59,0.9714
494,8,59,0.7050
495,8,59,0.8116
496,8,59,0.7029
1200,30,19,0.1607
1201,30,19,0.4401
1202,30,19,0.8066
1203,30,19,0.9551
1204,30,19,0.9597
1205,30,19,0.9747
1206,30,19,0.9924
1207,30,19,0.9927
1208,30,19,0.9908
1209,30,19,0.9908
1233,37,59,0.8996
1234,37,59,0.9632
1235,37,59,0.2449
1236,37,59,0.2457
1237,37,59,0.8601
1334,50,59,0.6355
1335,50,59,0.9713
1336,50,59,0.8883
1337,50,59,0.8554
1338,50,59,0.4299
1339,50,59,0.9658
1340,50,59,0.9774
1341,50,59,0.9629
1342,50,59,0.1964
1343,50,59,0.9265
497,8,59,0.7396
498,8,59,0.7974
499,8,59,0.9002
500,8,59,0.3885
501,8,59,0.9238
502,8,59,0.7356
503,8,59,0.0714
504,8,59,0.0949
505,8,59,0.8822
506,8,59,0.9055
1238,37,59,0.8325
1239,37,59,0.4521
1240,37,59,0.4272
1241,37,59,0.7651
1242,37,59,0.9768
1243,37,59,0.9652
1244,37,59,0.9863
1245,37,59,0.6785
1246,37,59,0.7696
1247,37,59,0.9542
1344,50,59,0.9326
1345,50,59,0.5608
1346,50,59,0.6609
1347,50,59,0.8828
1348,50,59,0.8768
1349,50,59,0.5285
1350,50,59,0.9333
1351,50,59,0.9396
1352,50,59,0.9486
1353,50,59,0.1479
1421,57,59,0.9499
1422,57,59,0.7568
1423,57,59,0.2942
1424,57,59,0.8104
1425,57,59,0.3212
1426,57,59,0.8351
1427,57,59,0.1847
1428,57,59,0.6399
1429,57,59,0.3435
1430,57,59,0.8829
507,8,59,0.8970
508,8,59,0.3251
509,8,59,0.5240
510,8,59,0.6422
511,8,59,0.2518
512,8,59,0.4059
513,8,59,0.8060
514,8,59,0.6380
515,8,59,0.6683
516,8,59,0.2266
1248,37,19,0.7848
1249,37,19,0.9007
1250,37,19,0.6249
1251,37,19,0.9482
1252,37,19,0.6649
1253,37,19,0.9434
1254,37,19,0.9950
1255,37,19,0.8704
1256,37,19,0.6125
1257,37,19,0.7787
1354,50,59,0.8007
1355,50,59,0.9083
1356,50,59,0.2667
1357,50,59,0.9262
1358,50,59,0.9299
1359,50,59,0.5322
1360,50,59,0.8483
1361,50,59,0.9721
1362,50,59,0.9789
1363,50,59,0.2621
1431,57,59,0.8937
1432,57,59,0.7451
1433,57,59,0.8259
1434,57,59,0.6530
1435,57,59,0.8160
1436,57,59,0.7887
1437,57,59,0.9678
1438,57,59,0.9409
1439,57,59,0.7722
517,8,59,0.8016
518,8,59,0.8470
519,8,59,0.2670
520,8,59,0.3394
521,8,59,0.8265
522,8,59,0.3898
523,8,59,0.6660
524,8,59,0.8200
525,8,59,0.2816
526,8,59,0.4890
1258,37,19,0.7400
1259,37,19,0.9470
1260,37,19,0.9249
1261,37,19,0.4548
1262,37,19,0.2647
1263,37,19,0.7872
1364,50,59,0.8989
1365,50,59,0.7094
1366,50,59,0.2909
1367,50,59,0.9134
1368,50,59,0.3215
1369,50,59,0.8514
1370,50,59,0.6508
1371,50,59,0.8478
1372,50,59,0.2960
1440,57,19,0.4060
1441,57,19,0.2943
1442,57,19,0.9773
1443,57,19,0.6637
1444,57,19,0.8312
1445,57,19,0.6511
1446,57,19,0.5987
1447,57,19,0.8285
1448,57,19,0.6129
1449,57,19,0.7624
527,8,59,0.0878
528,8,59,0.6651
529,8,59,0.6083
530,8,59,0.9121
531,8,59,0.9856
532,8,59,0.9933
533,8,59,0.9873
534,8,59,0.9944
535,8,59,0.9957
536,8,59,0.9956
1264,37,19,0.3412
1265,37,19,0.5567
1373,50,59,0.2345
1374,50,59,0.8311
1375,50,59,0.6418
1376,50,59,0.9697
1377,50,59,0.8233
1378,50,59,0.9755
1379,50,59,0.9665
1380,50,59,0.1723
1381,50,59,0.9941
1382,50,59,0.9758
1450,57,19,0.1929
1451,57,19,0.3840
1452,57,19,0.8341
1453,57,19,0.8288
1454,57,19,0.1979
1455,57,19,0.7925
1456,57,19,0.4732
1457,57,19,0.7947
1458,57,19,0.2366
1459,57,19,0.4107
537,8,59,0.9783
538,8,59,0.3021
539,8,59,0.5225
540,8,59,0.4575
541,8,59,0.9076
542,8,59,0.9780
543,8,59,0.2661
544,8,59,0.9234
545,8,59,0.9614
546,8,59,0.8306
1266,37,19,0.8576
1267,37,19,0.9448
1268,37,19,0.9703
1269,37,19,0.8458
1270,37,19,0.5125
1271,37,19,0.1737
1272,37,19,0.1928
1383,50,59,0.7882
1384,50,59,0.9103
1385,50,59,0.8278
1386,50,59,0.8970
1387,50,59,0.9891
1388,50,59,0.9868
1389,50,59,0.8571
1390,50,59,0.9218
1391,50,59,0.9760
1460,57,19,0.9093
1461,57,19,0.8888
1462,57,19,0.9796
1463,57,19,0.8239
1464,57,19,0.4260
1465,57,19,0.1818
1466,57,19,0.5760
1467,57,19,0.9046
1468,57,19,0.6791
1469,57,19,0.9260
547,8,59,0.9256
548,8,59,0.9475
549,8,59,0.8314
550,8,59,0.9350
551,8,59,0.0909
552,8,59,0.9737
553,8,59,0.9739
554,8,59,0.8515
555,8,59,0.9282
556,8,59,0.9716
1273,37,19,0.7478
1274,37,19,0.6180
1275,37,19,0.8417
1392,50,19,0.7261
1393,50,19,0.6045
1394,50,19,0.1355
1395,50,19,0.5989
1396,50,19,0.4374
1470,57,19,0.3626
1471,57,19,0.6067
1472,57,19,0.8766
1473,57,19,0.9773
1474,57,19,0.9494
1475,57,19,0.9505
1476,57,19,0.5174
1477,57,19,0.8529
1478,57,19,0.6103
1479,57,19,0.7337
557,8,59,0.7696
558,8,59,0.9359
559,8,59,0.0484
560,8,59,0.9849
561,8,59,0.9935
562,8,59,0.8116
563,8,59,0.9031
564,8,59,0.1686
565,8,59,0.9447
566,8,59,0.9635
1276,37,19,0.1936
1277,37,19,0.9277
1278,37,19,0.9228
1279,37,19,0.6399
1280,37,19,0.8117
1281,37,19,0.9218
1282,37,19,0.3153
1397,50,19,0.8375
1398,50,19,0.1609
1399,50,19,0.1546
1400,50,19,0.7868
1401,50,19,0.4010
1402,50,19,0.8562
1480,57,19,0.9275
1481,57,19,0.9356
1482,57,19,0.7121
1483,57,19,0.9672
1484,57,19,0.9807
1485,57,19,0.5884
1486,57,19,0.7924
1487,57,19,0.9342
1488,57,19,0.9738
1489,57,19,0.6994
567,8,59,0.8047
568,8,59,0.8448
569,8,59,0.9370
570,8,59,0.8329
571,8,59,0.2666
572,8,59,0.2352
1283,37,19,0.8141
1284,37,19,0.9670
1285,37,19,0.0355
1286,37,19,0.7343
1287,37,19,0.1370
1288,37,19,0.6667
1289,37,19,0.6930
1290,37,19,0.8967
1291,37,19,0.9322
1292,37,19,0.9711
1403,50,19,0.8387
1404,50,19,0.6650
1405,50,19,0.7222
1406,50,19,0.9245
1407,50,19,0.3459
1408,50,19,0.8044
1490,57,19,0.4430
1491,57,19,0.9439
1492,57,19,0.1415
1493,57,19,0.6784
1494,57,19,0.8165
1495,57,19,0.9565
1496,57,19,0.9826
1497,57,19,0.9899
1498,57,19,0.9863
1499,57,19,0.9918
573,8,59,0.8361
574,8,59,0.9111
575,8,59,0.7507
576,8,59,0.8941
577,8,59,0.2609
578,8,59,0.5891
579,8,59,0.9764
580,8,59,0.8016
581,8,59,0.1014
1293,37,19,0.4425
1294,37,19,0.5294
1295,37,19,0.1994
1409,50,19,0.6933
1410,50,19,0.9203
1411,50,19,0.8273
1412,50,19,0.9842
1413,50,19,0.7431
1414,50,19,0.9886
1415,50,19,0.8751
1416,50,19,0.4147
1417,50,19,0.9498
1418,50,19,0.9500
1500,57,19,0.9456
1501,57,19,0.5779
1502,57,19,0.9646
1503,57,19,0.6751
1504,57,19,0.8815
1505,57,19,0.4607
1506,57,19,0.3579
1507,57,19,0.7161
1508,57,19,0.4987
1509,57,19,0.8746
582,8,59,0.8001
583,8,59,0.9512
584,8,59,0.9700
585,8,59,0.9200
586,8,59,0.9902
587,8,59,0.6039
588,8,59,0.6113
589,8,59,0.9876
590,8,59,0.3203
1296,37,19,0.8604
1297,37,19,0.8644
1298,37,19,0.4934
1299,37,19,0.3937
1300,37,19,0.2926
1419,50,19,0.6683
1510,57,19,0.6664
1511,57,19,0.3383
1512,57,19,0.6479
1513,57,19,0.8654
1514,57,19,0.9488
1515,57,19,0.9576
1516,57,19,0.9831
1517,57,19,0.8786
1518,57,19,0.7924
1519,57,19,0.9746
591,8,59,0.1091
592,8,59,0.7029
593,8,59,0.9338
594,8,59,0.5280
595,8,59,0.3535
1301,37,19,0.8232
1302,37,19,0.6829
1303,37,19,0.5926
1304,37,19,0.3549
1305,37,19,0.9180
1306,37,19,0.9638
1307,37,19,0.2041
1308,37,19,0.4770
1309,37,19,0.2741
1420,50,19,0.6634
1520,60,59,0.9217
1521,60,59,0.9219
1522,60,59,0.9666
1523,60,59,0.2585
1524,60,59,0.4389
1525,60,59,0.3288
1526,60,59,0.9605
1527,60,59,0.9088
596,8,59,0.0840
597,8,59,0.9701
598,8,59,0.9889
599,8,59,0.8609
600,8,59,0.5810
1310,37,19,0.6774
1311,37,19,0.9382
1312,37,19,0.9761
1313,37,19,0.8316
1314,37,19,0.5808
1315,37,19,0.9563
1316,37,19,0.8623
1317,37,19,0.9160
1318,37,19,0.9721
1319,37,19,0.7888
1528,60,59,0.8706
1529,60,59,0.9231
1530,60,59,0.9541
1531,60,59,0.9031
1532,60,59,0.8685
1533,60,59,0.3044
1534,60,59,0.6777
1535,60,59,0.1680
1733,61,59,0.7294
1734,61,59,0.2438
1735,61,59,0.6083
1736,61,59,0.9844
1737,61,59,0.9623
1738,61,59,0.0523
1739,61,59,0.2010
1740,61,59,0.6798
1741,61,59,0.8458
1742,61,59,0.5131
601,8,59,0.1706
602,8,59,0.4290
1536,60,59,0.7191
1537,60,59,0.8862
1538,60,59,0.3631
1539,60,59,0.6082
1540,60,59,0.1435
1541,60,59,0.8668
1542,60,59,0.8289
1743,61,59,0.8745
1744,61,59,0.9368
1745,61,59,0.8547
1746,61,59,0.0574
1747,61,59,0.8256
1748,61,59,0.8078
1749,61,59,0.8899
1750,61,59,0.9347
1751,61,59,0.8717
1752,61,59,0.5877
1773,63,59,0.0861
1774,63,59,0.8330
603,8,59,0.9584
604,8,59,0.8851
605,8,59,0.3200
1543,60,59,0.8138
1544,60,59,0.9401
1545,60,59,0.6022
1546,60,59,0.7682
1547,60,59,0.6280
1548,60,59,0.8490
1549,60,59,0.9702
1550,60,59,0.7733
1551,60,59,0.1444
1753,61,59,0.8867
1754,61,59,0.9227
1755,61,59,0.8096
1756,61,59,0.8827
1757,61,59,0.9723
1758,61,59,0.9242
1759,61,59,0.6521
1760,61,59,0.8354
1761,61,59,0.9752
1762,61,59,0.8540
1775,63,59,0.8663
1776,63,59,0.1328
1777,63,59,0.0423
606,8,59,0.8751
607,8,59,0.9628
608,8,59,0.9663
609,8,59,0.8617
610,8,59,0.3076
611,8,59,0.8495
612,8,59,0.2324
1552,60,59,0.9103
1553,60,59,0.9326
1554,60,59,0.9064
1555,60,59,0.8206
1556,60,59,0.9702
1557,60,59,0.9234
1558,60,59,0.7127
1559,60,59,0.8074
1560,60,59,0.9820
1561,60,59,0.6102
1763,61,19,0.7945
1764,61,19,0.7271
1765,61,19,0.6416
1766,61,19,0.7023
1767,61,19,0.7874
1768,61,19,0.9842
1769,61,19,0.8390
1770,61,19,0.9666
1771,61,19,0.3699
1772,61,19,0.9791
1778,63,59,0.7843
1779,63,59,0.9432
1780,63,59,0.8183
1781,63,59,0.7785
1782,63,59,0.9021
1783,63,59,0.8142
1784,63,59,0.9596
1785,63,59,0.1386
1786,63,59,0.9803
613,8,59,0.7557
614,8,59,0.8704
615,8,59,0.8244
616,8,59,0.5498
617,8,59,0.1127
618,8,59,0.8938
619,8,59,0.8698
620,8,59,0.6953
621,8,59,0.8082
622,8,59,0.1458
1562,60,59,0.9778
1563,60,59,0.9057
1564,60,59,0.9002
1565,60,59,0.6490
1566,60,59,0.8917
1567,60,59,0.7477
1568,60,59,0.2814
1787,63,59,0.9254
1788,63,59,0.8333
1789,63,59,0.8085
1790,63,59,0.9731
1791,63,59,0.9023
1792,63,59,0.2242
1793,63,59,0.9651
1794,63,59,0.9383
1795,63,59,0.0840
1796,63,59,0.2340
1828,68,59,0.7416
1829,68,59,0.9849
1830,68,59,0.9347
1831,68,59,0.9499
1832,68,59,0.6636
1833,68,59,0.9367
1834,68,59,0.9493
1835,68,59,0.9183
1836,68,59,0.4102
623,8,59,0.4283
624,8,59,0.2449
625,8,59,0.9387
626,8,59,0.9360
627,8,59,0.4458
628,8,59,0.9498
629,8,59,0.9748
630,8,59,0.8911
631,8,59,0.5940
1569,60,59,0.9582
1570,60,59,0.9875
1571,60,59,0.9677
1572,60,59,0.7618
1573,60,59,0.6851
1574,60,59,0.9682
1575,60,59,0.5656
1576,60,59,0.8782
1577,60,59,0.8794
1797,63,19,0.6927
1798,63,19,0.8902
1837,68,59,0.5354
1838,68,59,0.7980
632,8,19,0.7774
633,8,19,0.9110
634,8,19,0.1125
635,8,19,0.5992
636,8,19,0.7808
637,8,19,0.4252
638,8,19,0.8524
639,8,19,0.5675
640,8,19,0.3686
641,8,19,0.7377
1578,60,59,0.6937
1579,60,59,0.6420
1580,60,59,0.9741
1581,60,59,0.9767
1582,60,59,0.9431
1583,60,59,0.4207
1799,63,19,0.8660
1800,63,19,0.2797
1801,63,19,0.3386
1839,68,59,0.8306
1840,68,59,0.0383
1841,68,59,0.7461
1842,68,59,0.9405
1843,68,59,0.9835
1844,68,59,0.9910
1845,68,59,0.8641
1846,68,59,0.9888
1847,68,59,0.6984
1848,68,59,0.9747
642,8,19,0.6131
643,8,19,0.7130
644,8,19,0.6060
645,8,19,0.4370
646,8,19,0.6668
647,8,19,0.7794
648,8,19,0.5323
649,8,19,0.9592
650,8,19,0.8289
651,8,19,0.9608
1584,60,59,0.9162
1585,60,59,0.9368
1586,60,59,0.9549
1587,60,59,0.9169
1588,60,59,0.5729
1589,60,59,0.2535
1802,63,19,0.8243
1803,63,19,0.6714
1804,63,19,0.9801
1805,63,19,0.2224
1806,63,19,0.5951
1807,63,19,0.9707
1808,63,19,0.9562
1809,63,19,0.8335
1810,63,19,0.5514
1849,68,19,0.4443
1850,68,19,0.3977
652,8,19,0.0788
653,8,19,0.4943
654,8,19,0.3870
1590,60,59,0.8252
1591,60,59,0.9650
1592,60,59,0.9561
1593,60,59,0.9799
1594,60,59,0.1125
1595,60,59,0.8328
1596,60,59,0.6357
1597,60,59,0.7554
1598,60,59,0.9479
1599,60,59,0.7721
1811,63,19,0.8367
1812,63,19,0.7215
1813,63,19,0.2833
1814,63,19,0.0920
1851,68,19,0.1978
1852,68,19,0.1833
1853,68,19,0.6660
655,8,19,0.7026
656,8,19,0.4262
1600,60,59,0.9026
1601,60,59,0.7255
1602,60,59,0.9790
1603,60,59,0.4673
1604,60,59,0.7518
1605,60,59,0.4947
1606,60,59,0.9711
1607,60,59,0.9385
1608,60,59,0.9287
1609,60,59,0.6090
1815,63,19,0.7590
1816,63,19,0.7439
1817,63,19,0.4752
1854,68,19,0.3572
1855,68,19,0.7951
657,8,19,0.8360
658,8,19,0.9507
659,8,19,0.9596
660,8,19,0.6598
661,8,19,0.6430
662,8,19,0.9131
663,8,19,0.3127
664,8,19,0.9381
665,8,19,0.1736
1610,60,59,0.3184
1611,60,59,0.9529
1612,60,59,0.5638
1613,60,59,0.6690
1614,60,59,0.5177
1615,60,59,0.9600
1818,63,19,0.6997
1819,63,19,0.6153
1820,63,19,0.9529
1821,63,19,0.9450
1822,63,19,0.6326
1823,63,19,0.9850
1824,63,19,0.0291
1825,63,19,0.8291
1826,63,19,0.1030
1827,63,19,0.7919
1856,68,19,0.8636
1857,68,19,0.0691
1858,68,19,0.6063
1859,68,19,0.9523
1860,68,19,0.9813
1861,68,19,0.4942
1862,68,19,0.7444
1863,68,19,0.2610
666,8,19,0.6442
667,8,19,0.3992
668,8,19,0.1265
669,8,19,0.4127
1616,60,59,0.5389
1617,60,59,0.8287
1618,60,59,0.9658
1619,60,59,0.9820
1620,60,59,0.1280
1621,60,59,0.0515
1622,60,59,0.2102
1864,68,19,0.8996
1865,68,19,0.8675
1866,68,19,0.9695
1867,68,19,0.4384
1868,68,19,0.6741
1869,68,19,0.3148
1870,68,19,0.8200
1871,68,19,0.8085
1872,68,19,0.8286
1873,68,19,0.7916
2014,71,59,0.7388
2015,71,59,0.8674
2016,71,59,0.9760
2017,71,59,0.7807
2018,71,59,0.9724
2019,71,59,0.9760
2020,71,59,0.9174
2021,71,59,0.8674
2022,71,59,0.2256
2023,71,59,0.2202
670,8,19,0.8674
671,8,19,0.9693
672,8,19,0.9382
673,8,19,0.8484
674,8,19,0.9705
675,8,19,0.8993
676,8,19,0.8996
677,8,19,0.9635
678,8,19,0.8372
679,8,19,0.3873
1623,60,59,0.8779
1624,60,59,0.9200
1625,60,59,0.9724
1626,60,59,0.9813
1627,60,59,0.9352
1628,60,59,0.0753
1629,60,59,0.2541
1630,60,59,0.1221
1631,60,59,0.8824
1874,68,19,0.9408
1875,68,19,0.6730
1876,68,19,0.1363
1877,68,19,0.6462
1878,68,19,0.7639
1879,68,19,0.5218
1880,68,19,0.9832
1881,68,19,0.9872
1882,68,19,0.4925
1883,68,19,0.8744
2024,71,59,0.6151
2025,71,59,0.7255
2026,71,59,0.8885
2027,71,59,0.7728
2028,71,59,0.6487
2029,71,59,0.8191
2030,71,59,0.8073
2031,71,59,0.9731
680,8,19,0.8895
681,8,19,0.6627
682,8,19,0.9736
683,8,19,0.8774
684,8,19,0.4694
685,8,19,0.9676
686,8,19,0.0831
687,8,19,0.2686
688,8,19,0.1039
1632,60,59,0.9360
1633,60,59,0.8995
1634,60,59,0.8664
1635,60,59,0.9674
1636,60,59,0.9510
1637,60,59,0.5108
1638,60,59,0.9021
1639,60,59,0.2547
1884,68,19,0.2836
1885,68,19,0.7775
2032,71,19,0.5392
2033,71,19,0.9719
2034,71,19,0.9278
2035,71,19,0.8523
2036,71,19,0.9617
2037,71,19,0.0341
2038,71,19,0.9045
2039,71,19,0.7094
2040,71,19,0.8682
2041,71,19,0.8682
689,8,19,0.8503
690,8,19,0.7310
691,8,19,0.0166
692,8,19,0.3187
1640,60,59,0.5395
1641,60,59,0.5575
1886,68,19,0.5386
1887,68,19,0.4040
2042,71,19,0.8676
2043,71,19,0.8690
693,8,19,0.8500
694,8,19,0.4590
1642,60,59,0.8854
1643,60,59,0.9594
1644,60,59,0.8923
1645,60,59,0.6795
1646,60,59,0.8442
1647,60,59,0.7364
1648,60,59,0.2641
1649,60,59,0.8998
1650,60,59,0.2018
1888,68,19,0.4655
1889,68,19,0.2426
1890,68,19,0.4585
2044,71,19,0.8056
2045,71,19,0.7633
695,8,19,0.8539
696,8,19,0.5542
697,8,19,0.9728
698,8,19,0.1166
699,8,19,0.7438
700,8,19,0.2953
1651,60,59,0.9045
1652,60,59,0.6035
1653,60,59,0.7080
1654,60,59,0.8724
1655,60,59,0.1836
1656,60,59,0.9308
1657,60,59,0.9261
1658,60,59,0.4552
1659,60,59,0.5658
1660,60,59,0.0522
1891,68,19,0.8006
1892,68,19,0.9192
1893,68,19,0.7470
2046,71,19,0.5674
2047,71,19,0.8717
2048,71,19,0.0460
2049,71,19,0.4071
2050,71,19,0.5983
701,8,19,0.3568
702,8,19,0.6180
1661,60,59,0.4087
1662,60,59,0.9672
1663,60,59,0.9513
1664,60,59,0.9399
1665,60,59,0.5438
1666,60,59,0.9721
1667,60,59,0.8103
1668,60,59,0.3753
1669,60,59,0.9547
1670,60,59,0.9767
1894,68,19,0.6451
1895,68,19,0.8413
1896,68,19,0.8707
2051,71,19,0.4842
2052,71,19,0.9090
2053,71,19,0.6703
2054,71,19,0.3841
2055,71,19,0.0989
703,8,19,0.8972
704,8,19,0.9265
705,8,19,0.2731
1671,60,19,0.8200
1672,60,19,0.8489
1673,60,19,0.6947
1674,60,19,0.7670
1675,60,19,0.3372
1676,60,19,0.9558
1677,60,19,0.8099
1897,68,19,0.8624
1898,68,19,0.8611
1899,68,19,0.1854
1900,68,19,0.4927
2056,71,19,0.7962
2057,71,19,0.4275
706,8,19,0.5908
707,8,19,0.9236
708,8,19,0.9732
1678,60,19,0.8783
1679,60,19,0.7459
1901,68,19,0.3085
1902,68,19,0.9658
2058,71,19,0.4035
2059,71,19,0.7624
709,8,19,0.8642
710,8,19,0.6153
711,8,19,0.8212
712,8,19,0.1421
713,8,19,0.4596
714,8,19,0.4115
1680,60,19,0.7498
1681,60,19,0.9515
1682,60,19,0.8139
1683,60,19,0.9621
1684,60,19,0.8562
1685,60,19,0.5488
1686,60,19,0.0671
1903,68,19,0.4114
1904,68,19,0.4059
2060,71,19,0.5620
2061,71,19,0.3591
715,8,19,0.8403
716,8,19,0.7165
717,8,19,0.9377
718,8,19,0.9831
719,8,19,0.7585
720,8,19,0.5731
721,8,19,0.8200
722,8,19,0.9379
723,8,19,0.2132
1687,60,19,0.9114
1688,60,19,0.8380
1689,60,19,0.7344
1690,60,19,0.6619
1905,68,19,0.5265
1906,68,19,0.6158
2062,71,19,0.3825
2063,71,19,0.3433
724,8,19,0.6771
725,8,19,0.8106
726,8,19,0.5479
727,8,19,0.6099
1691,60,19,0.8685
1692,60,19,0.5427
1693,60,19,0.3015
1907,68,19,0.7494
1908,68,19,0.9330
1909,68,19,0.7581
2064,71,19,0.7335
2065,71,19,0.4524
2066,71,19,0.8415
2067,71,19,0.9689
2068,71,19,0.3789
2069,71,19,0.7948
728,8,19,0.5463
729,8,19,0.9147
730,8,19,0.9470
731,8,19,0.9866
732,8,19,0.9503
733,8,19,0.1873
734,8,19,0.4074
1694,60,19,0.8439
1695,60,19,0.9713
1696,60,19,0.6582
1697,60,19,0.9197
1698,60,19,0.8349
1699,60,19,0.9398
1700,60,19,0.9244
1701,60,19,0.6697
1702,60,19,0.9481
1703,60,19,0.3922
1910,68,19,0.5649
1911,68,19,0.9411
1912,68,19,0.3958
1913,68,19,0.9302
1914,68,19,0.9530
1915,68,19,0.9869
1916,68,19,0.5370
2070,71,19,0.5058
2071,71,19,0.9581
2072,71,19,0.1769
2073,71,19,0.6140
2074,71,19,0.9508
2075,71,19,0.0854
2076,71,19,0.5119
2077,71,19,0.2331
2078,71,19,0.8197
2079,71,19,0.1403
735,8,19,0.1252
736,8,19,0.4063
1704,60,19,0.9675
1705,60,19,0.9510
1706,60,19,0.9859
1707,60,19,0.9731
1708,60,19,0.3860
1709,60,19,0.6441
1710,60,19,0.3238
1711,60,19,0.0635
1917,68,19,0.8368
1918,68,19,0.7571
2080,71,19,0.8027
2081,71,19,0.4070
737,8,19,0.4426
738,8,19,0.6749
1712,60,19,0.5699
1713,60,19,0.9533
1714,60,19,0.8360
1715,60,19,0.2739
1716,60,19,0.6828
1717,60,19,0.6816
1718,60,19,0.4716
1919,68,19,0.5937
1920,68,19,0.0721
1921,68,19,0.9271
1922,68,19,0.9587
1923,68,19,0.7402
1924,68,19,0.8827
1925,68,19,0.7766
1926,68,19,0.9696
1927,68,19,0.9541
1928,68,19,0.1745
2082,71,19,0.7080
2083,71,19,0.2614
2084,71,19,0.7076
2085,71,19,0.4994
739,8,19,0.1723
740,8,19,0.7252
1719,60,19,0.5484
1720,60,19,0.9505
1721,60,19,0.9494
1722,60,19,0.8333
1723,60,19,0.1695
1929,68,19,0.7978
1930,68,19,0.9682
1931,68,19,0.9300
1932,68,19,0.9355
1933,68,19,0.0224
1934,68,19,0.3412
1935,68,19,0.8776
1936,68,19,0.7104
1937,68,19,0.9380
2086,71,19,0.8437
2087,71,19,0.9337
2088,71,19,0.6120
2089,71,19,0.2346
2090,71,19,0.7504
2091,71,19,0.9761
2092,71,19,0.0763
2093,71,19,0.9931
2094,71,19,0.5485
2095,71,19,0.9532
741,8,19,0.1807
742,8,19,0.4223
1724,60,19,0.4990
1725,60,19,0.9332
1726,60,19,0.3984
1727,60,19,0.7194
1728,60,19,0.2550
1729,60,19,0.8144
1730,60,19,0.3536
1731,60,19,0.9160
1732,60,19,0.9565
1938,68,19,0.8098
1939,68,19,0.9248
1940,68,19,0.9399
1941,68,19,0.9868
1942,68,19,0.4526
1943,68,19,0.9495
1944,68,19,0.2997
2096,71,19,0.6451
2097,71,19,0.9386
2098,71,19,0.9047
2099,71,19,0.5876
2100,71,19,0.0291
2101,71,19,0.3564
2102,71,19,0.7671
743,8,19,0.0979
744,8,19,0.3265
1945,68,19,0.7508
1946,68,19,0.7555
1947,68,19,0.1974
2103,71,19,0.7915
2104,71,19,0.9529
2105,71,19,0.7968
2106,71,19,0.9866
2107,71,19,0.9789
2108,71,19,0.9800
2109,71,19,0.9389
2110,71,19,0.9668
2111,71,19,0.2508
2112,71,19,0.5064
2168,72,59,0.9372
2169,72,59,0.6057
2170,72,59,0.9508
2171,72,59,0.0361
2172,72,59,0.8269
2173,72,59,0.4606
2174,72,59,0.8005
2175,72,59,0.9044
2176,72,59,0.9853
2177,72,59,0.9942
745,8,19,0.8332
746,8,19,0.2585
747,8,19,0.6892
748,8,19,0.6208
749,8,19,0.9791
750,8,19,0.7427
751,8,19,0.6737
752,8,19,0.1713
1948,68,19,0.6853
1949,68,19,0.7373
1950,68,19,0.8884
1951,68,19,0.6787
1952,68,19,0.9598
1953,68,19,0.8045
1954,68,19,0.8951
1955,68,19,0.4620
1956,68,19,0.8659
2113,71,19,0.3888
2114,71,19,0.4237
2178,72,59,0.1218
2179,72,59,0.9846
753,8,19,0.8294
754,8,19,0.5077
755,8,19,0.2211
1957,68,19,0.7299
1958,68,19,0.7178
1959,68,19,0.2781
2115,71,19,0.8308
2116,71,19,0.9462
2117,71,19,0.0323
2118,71,19,0.8579
2119,71,19,0.8246
2120,71,19,0.9172
2121,71,19,0.9001
2122,71,19,0.9442
2123,71,19,0.6837
2124,71,19,0.7007
2180,72,59,0.5502
2181,72,59,0.9835
2182,72,59,0.9670
2183,72,59,0.0399
756,8,19,0.6292
757,8,19,0.4848
1960,68,19,0.4974
1961,68,19,0.6138
2125,71,19,0.5285
2126,71,19,0.9164
2127,71,19,0.1687
2128,71,19,0.7582
2129,71,19,0.9204
2130,71,19,0.9296
2131,71,19,0.9801
2132,71,19,0.9854
2133,71,19,0.9939
2134,71,19,0.9898
2184,72,59,0.6851
2185,72,59,0.8429
2186,72,59,0.8491
2187,72,59,0.9388
2188,72,59,0.6994
2189,72,59,0.9832
2190,72,59,0.9728
2191,72,59,0.9834
2192,72,59,0.9172
2193,72,59,0.2029
758,8,19,0.7973
759,8,19,0.8555
1962,68,19,0.9343
1963,68,19,0.9555
1964,68,19,0.7096
1965,68,19,0.4255
1966,68,19,0.8485
1967,68,19,0.2285
2135,71,19,0.7266
2136,71,19,0.8455
2137,71,19,0.2449
2138,71,19,0.3249
2139,71,19,0.4436
2140,71,19,0.9622
2141,71,19,0.1634
2142,71,19,0.6143
2143,71,19,0.9312
2144,71,19,0.5618
2194,72,19,0.8039
2195,72,19,0.2169
2196,72,19,0.6652
2197,72,19,0.2268
2198,72,19,0.2436
760,8,19,0.8372
761,8,19,0.8573
762,8,19,0.1209
763,8,19,0.7413
764,8,19,0.9044
765,8,19,0.2575
766,8,19,0.4623
767,8,19,0.8957
768,8,19,0.9682
769,8,19,0.2297
1968,68,19,0.8113
1969,68,19,0.1091
1970,68,19,0.5831
2145,71,19,0.6680
2146,71,19,0.9421
2147,71,19,0.6331
2199,72,19,0.0537
2200,72,19,0.4845
2201,72,19,0.5438
2202,72,19,0.7294
2203,72,19,0.8429
2204,72,19,0.0498
2205,72,19,0.2026
770,8,19,0.1290
771,8,19,0.4024
772,8,19,0.8469
773,8,19,0.9002
774,8,19,0.8127
775,8,19,0.9683
776,8,19,0.9922
777,8,19,0.9919
778,8,19,0.9938
779,8,19,0.9916
1971,68,19,0.4486
1972,68,19,0.8199
2148,71,19,0.7913
2149,71,19,0.5333
2150,71,19,0.7589
2151,71,19,0.5146
2152,71,19,0.9609
2153,71,19,0.3303
2154,71,19,0.6119
2155,71,19,0.6517
2156,71,19,0.9682
2157,71,19,0.9841
2206,72,19,0.2878
2207,72,19,0.0727
2208,72,19,0.2814
2209,72,19,0.6574
780,8,19,0.8090
781,8,19,0.9596
782,8,19,0.5834
783,8,19,0.0890
784,8,19,0.1464
785,8,19,0.6879
786,8,19,0.8075
787,8,19,0.9505
788,8,19,0.9783
789,8,19,0.9764
1973,68,19,0.6416
1974,68,19,0.8979
1975,68,19,0.9551
1976,68,19,0.9669
1977,68,19,0.9085
1978,68,19,0.8524
1979,68,19,0.0777
1980,68,19,0.9868
2158,71,19,0.9335
2159,71,19,0.4678
2160,71,19,0.8407
2161,71,19,0.9682
2162,71,19,0.9818
2163,71,19,0.9240
2164,71,19,0.9570
2165,71,19,0.9838
2166,71,19,0.9756
2167,71,19,0.0450
2210,72,19,0.7165
2211,72,19,0.1148
2212,72,19,0.3900
790,8,19,0.2069
791,8,19,0.6587
792,8,19,0.3558
793,8,19,0.5468
794,8,19,0.7697
795,8,19,0.7364
796,8,19,0.8172
797,8,19,0.6925
798,8,19,0.9163
799,8,19,0.8523
1981,68,19,0.8426
1982,68,19,0.5497
1983,68,19,0.6461
1984,68,19,0.0737
2213,72,19,0.7060
2214,72,19,0.9780
2215,72,19,0.8274
2216,72,19,0.9768
2217,72,19,0.6836
2218,72,19,0.4217
2219,72,19,0.9262
2220,72,19,0.9424
2221,72,19,0.9265
2222,79,59,0.9507
2223,79,59,0.9262
2224,79,59,0.9722
2225,79,59,0.0752
2226,79,59,0.1419
2227,79,59,0.4591
2228,79,59,0.8761
800,8,19,0.4288
801,8,19,0.7367
802,8,19,0.8799
803,8,19,0.9658
804,8,19,0.9826
1985,68,19,0.8706
1986,68,19,0.0859
1987,68,19,0.4424
2229,79,59,0.7130
2230,79,59,0.7683
2231,79,59,0.8970
2406,86,59,0.6987
2407,86,59,0.7446
2408,86,59,0.5224
2409,86,59,0.8920
2410,86,59,0.8851
2411,86,59,0.9719
2412,86,59,0.9683
2413,86,59,0.2269
1988,68,19,0.4104
1989,68,19,0.6461
2232,79,59,0.8746
2233,79,59,0.8519
2234,79,59,0.9468
2235,79,59,0.8375
2236,79,59,0.1197
2237,79,59,0.8876
2238,79,59,0.9627
2239,79,59,0.9781
2240,79,59,0.7802
2241,79,59,0.0730
2414,86,59,0.8593
2415,86,59,0.9830
2416,86,59,0.9624
2417,86,59,0.2853
2418,86,59,0.1991
2419,86,59,0.0088
2420,86,59,0.7851
2421,86,59,0.9737
2422,86,59,0.9838
2423,86,59,0.8951
2498,96,59,0.3224
2499,96,59,0.9374
2500,96,59,0.0307
2501,96,59,0.9105
2502,96,59,0.1606
2503,96,59,0.3717
2504,96,59,0.9273
2505,96,59,0.6929
2506,96,59,0.7783
2507,96,59,0.9759
1990,68,19,0.8706
1991,68,19,0.8510
1992,68,19,0.8836
1993,68,19,0.0284
1994,68,19,0.6511
1995,68,19,0.6404
1996,68,19,0.4370
1997,68,19,0.9718
1998,68,19,0.8612
1999,68,19,0.9768
2242,79,59,0.8056
2243,79,59,0.9684
2244,79,59,0.6976
2245,79,59,0.6767
2246,79,59,0.9736
2247,79,59,0.9810
2248,79,59,0.9270
2249,79,59,0.9783
2250,79,59,0.9128
2251,79,59,0.8408
2424,86,59,0.0763
2425,86,59,0.2897
2508,96,59,0.8902
2509,96,59,0.5585
2510,96,59,0.9193
2511,96,59,0.9722
2512,96,59,0.9811
2513,96,59,0.4926
2514,96,59,0.9727
2515,96,59,0.9797
2516,96,59,0.9618
2000,68,19,0.7679
2001,68,19,0.9481
2002,68,19,0.9524
2252,79,19,0.2543
2253,79,19,0.7919
2426,86,59,0.9222
2427,86,59,0.6159
2428,86,59,0.3557
2429,86,59,0.9493
2430,86,59,0.1858
2431,86,59,0.8335
2432,86,59,0.3923
2433,86,59,0.9713
2434,86,59,0.9815
2435,86,59,0.9722
2517,96,19,0.6910
2518,96,19,0.8610
2519,96,19,0.9697
2520,96,19,0.3008
2521,96,19,0.8908
2522,96,19,0.5454
2523,96,19,0.0519
2524,96,19,0.8739
2525,96,19,0.9585
2526,96,19,0.8516
2003,68,19,0.1500
2004,68,19,0.5314
2254,79,19,0.6453
2255,79,19,0.8476
2436,86,19,0.5544
2437,86,19,0.1917
2438,86,19,0.1087
2527,96,19,0.4078
2528,96,19,0.2678
2529,96,19,0.8936
2530,96,19,0.6894
2531,96,19,0.9221
2532,96,19,0.5747
2533,96,19,0.4356
2534,96,19,0.6726
2535,96,19,0.9716
2536,96,19,0.5519
2005,68,19,0.8453
2006,68,19,0.9760
2007,68,19,0.7406
2008,68,19,0.7039
2009,68,19,0.9123
2010,68,19,0.9241
2011,68,19,0.9305
2012,68,19,0.9661
2013,68,19,0.9836
2256,79,19,0.7794
2257,79,19,0.7242
2439,86,19,0.6859
2440,86,19,0.3320
2441,86,19,0.2610
2537,96,19,0.1474
2538,96,19,0.5885
2539,96,19,0.8711
2540,96,19,0.6049
2541,96,19,0.8434
2542,96,19,0.7773
2543,96,19,0.9590
2544,96,19,0.2274
2545,96,19,0.8904
2546,96,19,0.5887
2258,79,19,0.8236
2259,79,19,0.9441
2442,86,19,0.3993
2443,86,19,0.3507
2444,86,19,0.7066
2547,96,19,0.9319
2548,96,19,0.9378
2549,96,19,0.9754
2550,96,19,0.8719
2551,96,19,0.7939
2552,96,19,0.9736
2553,96,19,0.9577
2554,96,19,0.0693
2555,96,19,0.5854
2556,96,19,0.9653
2557,101,59,0.9400
2558,101,59,0.9374
2559,101,59,0.0659
2560,101,59,0.6247
2561,101,59,0.9377
2562,101,59,0.9719
2563,101,59,0.9599
2564,101,59,0.6173
2565,101,59,0.6770
2566,101,59,0.1366
2260,79,19,0.5271
2261,79,19,0.5050
2445,86,19,0.8709
2446,86,19,0.8694
2447,86,19,0.4275
2567,101,59,0.5576
2568,101,59,0.1293
2569,101,59,0.9891
2570,101,59,0.9777
2571,101,59,0.9844
2572,101,59,0.9875
2573,101,59,0.9790
2574,101,59,0.9804
2575,101,59,0.7283
2576,101,59,0.9129
2630,115,59,0.7629
2631,115,59,0.9748
2632,115,59,0.3819
2633,115,59,0.5727
2634,115,59,0.8893
2635,115,59,0.8912
2636,115,59,0.2238
2637,115,59,0.9351
2638,115,59,0.6950
2639,115,59,0.6860
2262,79,19,0.6863
2263,79,19,0.5904
2448,86,59,0.9325
2577,101,59,0.8113
2578,101,59,0.7266
2579,101,59,0.9678
2580,101,59,0.5302
2581,101,59,0.3864
2582,101,59,0.7341
2640,115,59,0.9481
2641,115,59,0.6749
2642,115,59,0.6805
2643,115,59,0.7530
2644,115,59,0.9461
2645,115,59,0.7382
2646,115,59,0.8279
2647,115,59,0.6594
2648,115,59,0.9232
2649,115,59,0.3241
2264,79,19,0.2564
2265,79,19,0.8507
2449,86,19,0.2797
2450,86,19,0.7067
2583,101,59,0.0990
2584,101,59,0.2839
2650,115,19,0.7207
2651,115,19,0.9477
2652,115,19,0.1061
2653,115,19,0.3730
2654,115,19,0.4478
2655,115,19,0.7637
2656,115,19,0.5768
2657,115,19,0.9209
2658,115,19,0.7019
2659,115,19,0.6003
2266,79,19,0.9210
2267,79,19,0.7081
2268,79,19,0.2212
2269,79,19,0.6052
2270,79,19,0.0365
2271,79,19,0.9283
2272,79,19,0.9812
2273,79,19,0.9847
2274,79,19,0.9745
2275,79,19,0.9793
2451,86,19,0.7478
2452,86,19,0.9555
2453,86,19,0.9679
2454,86,19,0.2803
2585,101,59,0.0296
2586,101,59,0.8125
2660,115,19,0.8895
2661,115,19,0.9527
2662,115,19,0.5442
2663,115,19,0.9282
2664,115,19,0.9049
2665,115,19,0.2138
2666,115,19,0.6875
2667,115,19,0.8974
2668,115,19,0.6030
2669,115,19,0.9378
2276,79,19,0.7943
2277,79,19,0.9801
2278,79,19,0.4811
2279,79,19,0.9198
2280,79,19,0.9032
2281,79,19,0.6433
2282,79,19,0.5952
2455,86,19,0.6807
2456,86,19,0.1321
2457,86,19,0.8997
2458,86,19,0.2990
2459,86,19,0.3769
2460,86,19,0.1014
2587,101,59,0.8450
2588,101,59,0.9816
2589,101,59,0.9739
2590,101,59,0.9037
2591,101,59,0.8741
2592,101,59,0.4277
2593,101,59,0.3540
2594,101,59,0.3708
2670,121,59,0.4553
2671,121,59,0.8337
2283,79,19,0.8682
2284,79,19,0.8963
2285,79,19,0.1293
2286,79,19,0.5344
2287,79,19,0.6071
2288,79,19,0.8474
2289,79,19,0.9735
2290,79,19,0.9881
2291,79,19,0.9855
2292,79,19,0.9913
2461,86,19,0.8526
2462,86,19,0.8828
2463,86,19,0.9216
2464,86,19,0.9566
2465,86,19,0.1400
2466,86,19,0.0937
2595,101,59,0.8342
2596,101,59,0.6549
2597,101,59,0.4856
2598,101,59,0.3131
2599,101,59,0.9794
2600,101,59,0.9724
2601,101,59,0.9873
2602,101,59,0.9867
2672,121,59,0.8649
2673,121,59,0.2397
2674,121,59,0.6492
2675,121,59,0.7144
2676,121,59,0.5854
2677,121,59,0.8906
2678,121,59,0.9577
2679,121,59,0.3697
2680,121,59,0.9414
2681,121,59,0.9450
2293,79,19,0.8003
2294,79,19,0.6292
2295,79,19,0.4338
2467,86,19,0.4100
2468,86,19,0.8590
2603,101,19,0.8686
2604,101,19,0.1590
2605,101,19,0.4084
2606,101,19,0.9142
2607,101,19,0.8704
2608,101,19,0.9346
2609,101,19,0.0552
2610,101,19,0.8078
2611,101,19,0.7893
2612,101,19,0.0357
2682,121,59,0.9688
2683,121,59,0.6498
2684,121,59,0.9037
2685,121,59,0.9737
2686,121,59,0.3708
2687,121,59,0.1797
2688,121,59,0.9113
2689,121,59,0.4138
2690,121,59,0.8114
2691,121,59,0.9878
2296,79,19,0.5767
2297,79,19,0.4360
2298,79,19,0.4477
2299,79,19,0.8195
2300,79,19,0.9827
2301,79,19,0.9876
2302,79,19,0.9945
2303,79,19,0.9952
2304,79,19,0.9947
2305,79,19,0.9949
2469,86,19,0.5873
2470,86,19,0.5362
2613,101,19,0.8612
2614,101,19,0.4752
2615,101,19,0.0720
2616,101,19,0.5757
2692,121,59,0.9763
2693,121,59,0.8637
2694,121,59,0.3097
2695,121,59,0.2231
2696,121,59,0.1698
2697,121,59,0.0234
2698,121,59,0.0647
2306,79,19,0.1313
2307,79,19,0.3636
2308,79,19,0.6774
2309,79,19,0.7729
2310,79,19,0.8447
2311,79,19,0.6814
2312,79,19,0.8428
2313,79,19,0.9006
2314,79,19,0.7770
2315,79,19,0.9177
2471,86,19,0.7321
2472,86,19,0.7155
2473,86,19,0.8032
2474,86,19,0.9712
2475,86,19,0.4221
2476,86,19,0.2664
2477,86,19,0.3367
2617,101,59,0.1453
2699,121,59,0.2474
2700,121,59,0.7554
2701,121,59,0.0364
2702,121,59,0.5904
2703,121,59,0.8404
2704,121,59,0.9809
2705,121,59,0.7350
2706,121,59,0.9418
2707,121,59,0.9068
2708,121,59,0.9861
2316,79,19,0.2270
2317,79,19,0.3487
2318,79,19,0.0875
2319,79,19,0.5691
2320,79,19,0.4270
2321,79,19,0.1411
2322,79,19,0.5262
2323,79,19,0.5805
2324,79,19,0.2105
2325,79,19,0.5395
2478,86,19,0.5466
2479,86,19,0.8974
2480,86,19,0.9728
2481,86,19,0.7973
2482,86,19,0.8133
2483,86,19,0.9403
2484,86,19,0.9810
2485,86,19,0.7849
2486,86,19,0.4676
2487,86,19,0.4422
2618,101,19,0.0704
2619,101,19,0.5294
2709,121,19,0.4941
2710,121,19,0.0828
2711,121,19,0.5578
2712,121,19,0.8949
2713,121,19,0.2707
2714,121,19,0.8400
2715,121,19,0.4432
2716,121,19,0.9073
2717,121,19,0.9478
2718,121,19,0.4787
2326,79,19,0.5696
2327,79,19,0.7823
2328,79,19,0.0960
2329,79,19,0.4249
2330,79,19,0.8436
2331,79,19,0.7790
2332,79,19,0.3259
2333,79,19,0.6052
2334,79,19,0.9698
2335,79,19,0.1296
2488,86,19,0.7322
2489,86,19,0.9608
2490,86,19,0.9648
2491,86,19,0.9227
2492,86,19,0.5925
2493,86,19,0.9690
2494,86,19,0.9770
2495,86,19,0.9804
2496,86,19,0.7739
2497,86,19,0.9433
2620,101,19,0.8581
2621,101,19,0.1633
2622,101,19,0.9677
2623,101,19,0.3563
2624,101,19,0.1456
2625,101,19,0.6532
2626,101,19,0.6970
2627,101,19,0.8531
2628,101,19,0.9746
2629,101,19,0.0737
2719,121,19,0.2769
2720,121,19,0.5368
2336,79,19,0.0536
2337,79,19,0.5620
2338,79,19,0.9479
2339,79,19,0.9867
2340,79,19,0.9888
2341,79,19,0.9934
2342,79,19,0.9903
2343,79,19,0.9936
2344,79,19,0.9934
2345,79,19,0.9935
2721,121,19,0.3067
2722,121,19,0.3858
2723,121,19,0.9744
2724,121,19,0.9707
2725,121,19,0.7700
2726,121,19,0.9878
2727,121,19,0.6540
2728,121,19,0.7094
2729,121,19,0.9043
2730,121,19,0.9534
2905,128,59,0.8692
2906,128,59,0.8862
2907,128,59,0.9387
2908,128,59,0.6396
2909,128,59,0.6824
2910,128,59,0.5397
2911,128,59,0.6242
2912,128,59,0.9031
2913,128,59,0.4962
2914,128,59,0.5892
2974,129,59,0.2459
2975,129,59,0.3577
2976,129,59,0.8182
2977,129,59,0.9503
2978,129,59,0.9733
2979,129,59,0.0725
2980,129,59,0.5134
2981,129,59,0.9507
2982,129,59,0.9716
2346,79,19,0.1982
2347,79,19,0.2476
2348,79,19,0.0399
2349,79,19,0.4766
2350,79,19,0.2325
2351,79,19,0.7303
2352,79,19,0.1864
2353,79,19,0.2961
2354,79,19,0.5638
2355,79,19,0.5576
2731,121,19,0.7543
2732,121,19,0.9609
2733,121,19,0.6977
2734,121,19,0.9143
2735,121,19,0.5805
2736,121,19,0.9206
2737,121,19,0.9239
2738,121,19,0.0799
2739,121,19,0.7251
2740,121,19,0.3806
2915,128,59,0.6241
2916,128,59,0.9134
2917,128,59,0.8637
2918,128,59,0.6519
2919,128,59,0.7201
2920,128,59,0.8602
2921,128,59,0.6261
2922,128,59,0.8978
2923,128,59,0.2550
2924,128,59,0.9533
2983,129,59,0.7246
2984,129,59,0.9570
2985,129,59,0.2312
2986,129,59,0.8598
2987,129,59,0.9192
2988,129,59,0.7742
2989,129,59,0.9651
2990,129,59,0.7737
2991,129,59,0.9589
2992,129,59,0.9704
2356,79,19,0.4752
2357,79,19,0.4444
2358,79,19,0.9023
2359,79,19,0.9695
2360,79,19,0.9918
2361,79,19,0.0153
2362,79,19,0.5027
2363,79,19,0.7288
2364,79,19,0.7178
2365,79,19,0.8147
2741,121,19,0.8995
2742,121,19,0.9674
2743,121,19,0.7690
2744,121,19,0.7985
2925,128,59,0.8215
2926,128,59,0.9162
2927,128,59,0.9760
2928,128,59,0.9757
2929,128,59,0.8371
2930,128,59,0.0649
2931,128,59,0.6598
2932,128,59,0.8798
2933,128,59,0.9524
2934,128,59,0.2728
2993,129,19,0.7720
2994,129,19,0.9669
2995,129,19,0.1283
2996,129,19,0.8719
2997,129,19,0.1974
2998,129,19,0.1119
2366,79,19,0.2149
2367,79,19,0.6880
2368,79,19,0.7988
2369,79,19,0.8326
2370,79,19,0.9563
2371,79,19,0.9700
2372,79,19,0.9803
2373,79,19,0.9830
2374,79,19,0.9120
2375,79,19,0.9780
2745,121,19,0.0734
2746,121,19,0.3281
2935,128,59,0.9123
2936,128,59,0.8999
2937,128,59,0.8458
2938,128,59,0.4867
2939,128,59,0.3329
2940,128,59,0.2130
2941,128,59,0.4101
2942,128,59,0.8021
2943,128,59,0.7791
2999,129,19,0.6943
3000,129,19,0.6248
3001,129,19,0.8656
3002,129,19,0.9657
3003,129,19,0.6408
3004,129,19,0.8077
3005,129,19,0.9452
3006,129,19,0.9020
3007,129,19,0.3876
3008,129,19,0.5316
2376,79,19,0.1362
2377,79,19,0.6749
2378,79,19,0.8160
2379,79,19,0.0601
2380,79,19,0.6811
2381,79,19,0.7156
2382,79,19,0.7339
2383,79,19,0.7765
2384,79,19,0.8499
2385,79,19,0.8907
2747,121,19,0.8779
2748,121,19,0.5359
2944,128,19,0.4007
2945,128,19,0.2993
2946,128,19,0.8822
2947,128,19,0.4591
2948,128,19,0.3964
2949,128,19,0.9116
2950,128,19,0.9097
2951,128,19,0.7306
2952,128,19,0.9091
2953,128,19,0.6943
3009,131,59,0.7672
3010,131,59,0.8029
3011,131,59,0.9781
3012,131,59,0.9767
3013,131,59,0.8196
3014,131,59,0.8683
3015,131,59,0.9406
3016,131,59,0.6759
3017,131,59,0.9813
3018,131,59,0.8744
2386,79,19,0.3022
2387,79,19,0.2917
2388,79,19,0.6539
2389,79,19,0.7859
2390,79,19,0.5481
2391,79,19,0.0596
2392,79,19,0.3290
2393,79,19,0.4538
2394,79,19,0.5524
2395,79,19,0.8553
2749,121,19,0.4429
2750,121,19,0.9766
2751,121,19,0.8819
2752,121,19,0.6233
2753,121,19,0.8797
2754,121,19,0.9123
2755,121,19,0.5049
2756,121,19,0.3937
2757,121,19,0.1374
2758,121,19,0.8538
2954,128,19,0.3443
2955,128,19,0.6104
2956,128,19,0.6325
2957,128,19,0.3527
2958,128,19,0.5910
2959,128,19,0.4915
2960,128,19,0.6802
2961,128,19,0.9416
2962,128,19,0.3627
2963,128,19,0.0682
3019,131,19,0.7607
3020,131,19,0.4752
3021,131,19,0.9515
3022,131,19,0.8362
3023,131,19,0.1826
2396,79,19,0.7986
2397,79,19,0.5830
2398,79,19,0.9756
2399,79,19,0.9695
2400,79,19,0.7661
2401,79,19,0.9837
2402,79,19,0.9787
2403,79,19,0.9034
2404,79,19,0.9700
2405,79,19,0.8585
2759,121,19,0.8798
2760,121,19,0.9556
2761,121,19,0.3218
2762,121,19,0.7997
2763,121,19,0.9872
2764,121,19,0.6591
2765,121,19,0.8924
2766,121,19,0.9074
2767,121,19,0.8281
2768,121,19,0.9209
2964,128,19,0.1935
2965,128,19,0.6218
2966,128,19,0.9370
2967,128,19,0.9712
2968,128,19,0.3830
2969,128,19,0.8286
2970,128,19,0.9397
2971,128,19,0.0605
2972,128,19,0.7348
2973,128,19,0.1946
3024,131,19,0.3231
3025,131,19,0.2557
3026,131,19,0.4318
3027,131,19,0.8261
3028,131,19,0.9654
3029,131,19,0.9725
3030,131,19,0.9779
3031,131,19,0.9843
3032,131,19,0.9815
3033,131,19,0.9690
2769,121,19,0.2640
2770,121,19,0.9182
3034,131,19,0.6266
3035,131,19,0.5785
3036,131,19,0.3960
3037,131,19,0.8014
3038,131,19,0.3112
3039,131,19,0.7892
3040,131,19,0.2047
3129,133,59,0.8687
3130,133,59,0.9670
3131,133,59,0.6839
3132,133,59,0.9869
3133,133,59,0.9864
3134,133,59,0.9309
3135,133,59,0.3769
3136,133,59,0.9745
3137,133,59,0.6663
3138,133,59,0.7872
3288,134,59,0.7686
3289,134,59,0.9694
3290,134,59,0.9817
3291,134,59,0.8782
3292,134,59,0.4324
3293,134,59,0.8564
3294,134,59,0.8736
3295,134,59,0.5889
3296,134,59,0.8327
3297,134,59,0.8519
2771,121,19,0.5382
2772,121,19,0.9292
2773,121,19,0.8070
2774,121,19,0.9449
2775,121,19,0.7833
2776,121,19,0.4974
2777,121,19,0.2803
2778,121,19,0.9791
2779,121,19,0.6407
2780,121,19,0.2591
3041,131,19,0.8309
3042,131,19,0.9582
3043,131,19,0.5849
3044,131,19,0.9149
3045,131,19,0.7698
3046,131,19,0.4319
3047,131,19,0.1503
3139,133,59,0.4256
3140,133,59,0.8197
3298,134,19,0.9632
3299,134,19,0.2780
3300,134,19,0.2903
3301,134,19,0.9360
3302,134,19,0.9761
3303,134,19,0.9201
3304,134,19,0.9554
3305,134,19,0.3319
3306,134,19,0.9292
3307,134,19,0.9359
2781,121,19,0.6586
2782,121,19,0.4270
2783,121,19,0.9601
2784,121,19,0.9736
2785,121,19,0.9598
2786,121,19,0.5876
2787,121,19,0.9196
2788,121,19,0.5196
2789,121,19,0.1384
2790,121,19,0.1655
3048,131,19,0.5086
3049,131,19,0.7277
3050,131,19,0.9645
3051,131,19,0.0914
3052,131,19,0.2779
3053,131,19,0.9532
3054,131,19,0.9343
3055,131,19,0.8825
3056,131,19,0.9035
3057,131,19,0.6190
3141,133,59,0.9358
3142,133,59,0.8031
3143,133,59,0.9016
3144,133,59,0.9242
3145,133,59,0.1593
3146,133,59,0.3050
3308,137,59,0.9222
3309,137,59,0.5889
3310,137,59,0.8727
3311,137,59,0.7942
3312,137,59,0.9605
3313,137,59,0.4322
3314,137,59,0.2012
3315,137,59,0.7424
3316,137,59,0.6910
3317,137,59,0.9512
2791,121,19,0.4943
2792,121,19,0.6796
2793,121,19,0.8868
2794,121,19,0.4852
2795,121,19,0.1171
2796,121,19,0.3728
2797,121,19,0.6967
3058,131,19,0.0892
3059,131,19,0.3945
3060,131,19,0.2457
3147,133,59,0.5904
3148,133,59,0.5120
3149,133,59,0.9841
3150,133,59,0.8002
3151,133,59,0.6755
3152,133,59,0.9870
3153,133,59,0.7487
3154,133,59,0.1173
3155,133,59,0.8896
3156,133,59,0.4383
3318,137,59,0.6933
3319,137,59,0.9185
3320,137,59,0.8701
3321,137,59,0.5134
3322,137,59,0.7974
3323,137,59,0.8648
3324,137,59,0.9726
3325,137,59,0.5007
2798,121,19,0.7343
2799,121,19,0.2692
2800,121,19,0.5573
2801,121,19,0.9504
2802,121,19,0.1342
2803,121,19,0.7342
2804,121,19,0.5619
2805,121,19,0.7049
3061,131,19,0.8021
3062,131,19,0.2222
3063,131,19,0.6442
3064,131,19,0.2389
3065,131,19,0.7477
3066,131,19,0.8603
3067,131,19,0.9012
3157,133,59,0.9698
3158,133,59,0.4561
3159,133,59,0.0807
3326,137,19,0.8538
3327,137,19,0.9558
3328,137,19,0.4588
3329,137,19,0.8117
3330,137,19,0.9126
3331,137,19,0.7418
3332,137,19,0.8327
3333,137,19,0.9190
3334,137,19,0.5777
3335,137,19,0.7374
2806,121,19,0.8019
2807,121,19,0.0341
2808,121,19,0.8794
2809,121,19,0.1164
2810,121,19,0.7330
2811,121,19,0.9166
2812,121,19,0.9178
2813,121,19,0.9776
2814,121,19,0.9830
2815,121,19,0.9778
3068,131,19,0.6940
3069,131,19,0.9507
3070,131,19,0.6545
3071,131,19,0.6363
3072,131,19,0.7440
3160,133,59,0.9217
3161,133,59,0.8324
3162,133,59,0.9174
3163,133,59,0.4694
3336,137,19,0.5275
3337,137,19,0.8338
2816,121,19,0.7866
2817,121,19,0.9247
2818,121,19,0.7194
2819,121,19,0.9820
2820,121,19,0.9460
2821,121,19,0.7522
2822,121,19,0.4187
2823,121,19,0.9165
2824,121,19,0.1359
2825,121,19,0.8431
3073,131,19,0.8297
3074,131,19,0.7380
3075,131,19,0.3169
3076,131,19,0.5719
3077,131,19,0.7391
3078,131,19,0.7336
3164,133,59,0.8707
3165,133,59,0.0193
3166,133,59,0.9918
3338,137,19,0.8599
3339,137,19,0.8055
3340,137,19,0.4211
2826,121,19,0.5414
2827,121,19,0.4083
2828,121,19,0.7500
2829,121,19,0.8705
2830,121,19,0.8792
2831,121,19,0.3650
2832,121,19,0.1583
2833,121,19,0.7550
2834,121,19,0.9738
2835,121,19,0.9892
3079,131,19,0.7529
3080,131,19,0.8593
3081,131,19,0.7440
3082,131,19,0.3128
3083,131,19,0.9393
3084,131,19,0.7973
3085,131,19,0.4193
3086,131,19,0.5999
3167,133,59,0.8308
3168,133,59,0.9822
3169,133,59,0.8081
3170,133,59,0.8149
3171,133,59,0.1934
3172,133,59,0.4456
3173,133,59,0.9020
3174,133,59,0.2894
3175,133,59,0.3389
3176,133,59,0.0993
3341,137,19,0.8973
3342,137,19,0.9142
3343,137,19,0.1134
2836,121,19,0.2542
3087,131,19,0.8619
3088,131,19,0.2548
3089,131,19,0.1685
3177,133,59,0.9287
3178,133,59,0.6134
3179,133,59,0.8435
3344,137,19,0.8278
3345,137,19,0.2326
3346,137,19,0.6508
2837,121,19,0.9190
2838,121,19,0.9201
2839,121,19,0.8301
2840,121,19,0.3934
3090,131,19,0.2304
3091,131,19,0.7762
3180,133,59,0.1660
3181,133,59,0.9118
3347,137,19,0.7661
3348,137,19,0.6314
3349,137,19,0.4686
3350,137,19,0.8214
3351,137,19,0.9434
3352,137,19,0.9871
3353,137,19,0.9799
3354,137,19,0.9835
3355,137,19,0.8600
3356,137,19,0.3694
2841,121,19,0.6711
2842,121,19,0.9433
2843,121,19,0.8733
2844,121,19,0.9487
2845,121,19,0.7230
2846,121,19,0.8307
2847,121,19,0.2697
2848,121,19,0.6638
2849,121,19,0.8879
2850,121,19,0.6684
3092,131,19,0.9238
3093,131,19,0.7136
3094,131,19,0.7462
3095,131,19,0.9642
3096,131,19,0.2926
3097,131,19,0.2731
3182,133,59,0.9105
3183,133,59,0.8323
3184,133,59,0.0877
3185,133,59,0.3169
3186,133,59,0.9338
3187,133,59,0.1423
3357,137,19,0.8299
3358,137,19,0.6972
3359,137,19,0.6083
3360,137,19,0.9402
3361,137,19,0.7203
3362,137,19,0.8859
3363,137,19,0.8342
2851,121,19,0.7752
2852,121,19,0.9475
2853,121,19,0.0885
2854,121,19,0.6744
2855,121,19,0.1033
2856,121,19,0.8300
2857,121,19,0.9870
2858,121,19,0.9761
2859,121,19,0.9666
2860,121,19,0.9700
3098,131,19,0.6870
3099,131,19,0.9561
3100,131,19,0.1372
3101,131,19,0.6915
3102,131,19,0.7912
3103,131,19,0.5925
3104,131,19,0.5327
3188,133,59,0.9484
3189,133,59,0.8316
3190,133,59,0.7156
3191,133,59,0.1347
3192,133,59,0.8839
3193,133,59,0.8527
3194,133,59,0.9792
3195,133,59,0.9764
3196,133,59,0.9215
3197,133,59,0.8999
3364,137,19,0.7053
3365,137,19,0.5427
3366,137,19,0.9290
3367,137,19,0.9746
3368,137,19,0.9541
3369,137,19,0.9447
3370,137,19,0.8281
3371,137,19,0.8710
2861,121,19,0.4153
2862,121,19,0.4252
3105,131,19,0.5686
3106,131,19,0.4469
3107,131,19,0.3894
3108,131,19,0.3984
3198,133,19,0.5570
3199,133,19,0.9394
3200,133,19,0.9344
3201,133,19,0.2204
3202,133,19,0.9333
3372,137,19,0.9366
3373,137,19,0.3954
3374,137,19,0.4508
2863,121,19,0.8380
2864,121,19,0.5936
2865,121,19,0.8754
3109,131,19,0.8240
3110,131,19,0.9634
3111,131,19,0.9613
3112,131,19,0.9277
3113,131,19,0.8656
3114,131,19,0.9799
3115,131,19,0.9560
3116,131,19,0.6690
3117,131,19,0.3778
3118,131,19,0.6447
3203,133,19,0.8543
3204,133,19,0.9603
3205,133,19,0.8382
3206,133,19,0.7639
3207,133,19,0.8583
3208,133,19,0.9695
3209,133,19,0.9581
3210,133,19,0.6447
3211,133,19,0.9046
3212,133,19,0.2927
3375,137,19,0.7770
3376,137,19,0.6130
3377,137,19,0.8216
3378,137,19,0.1924
2866,121,19,0.9181
2867,121,19,0.9479
2868,121,19,0.9213
2869,121,19,0.0385
2870,121,19,0.8375
2871,121,19,0.5607
2872,121,19,0.0411
2873,121,19,0.2569
2874,121,19,0.3818
2875,121,19,0.3943
3119,131,19,0.1222
3120,131,19,0.6214
3121,131,19,0.8475
3122,131,19,0.9233
3123,131,19,0.9730
3124,131,19,0.9876
3125,131,19,0.9859
3126,131,19,0.9885
3127,131,19,0.9932
3128,131,19,0.9885
3213,133,19,0.9293
3214,133,19,0.9335
3215,133,19,0.9729
3216,133,19,0.9582
3217,133,19,0.9717
3218,133,19,0.9471
3219,133,19,0.9614
3220,133,19,0.6620
3379,137,19,0.4751
3380,137,19,0.6775
2876,121,19,0.7864
2877,121,19,0.9560
2878,121,19,0.7192
2879,121,19,0.5860
2880,121,19,0.0184
2881,121,19,0.8029
2882,121,19,0.1750
2883,121,19,0.9088
2884,121,19,0.1211
2885,121,19,0.4427
3221,133,19,0.6280
3222,133,19,0.0710
3223,133,19,0.3377
3381,137,19,0.1800
3382,137,19,0.5904
3495,139,59,0.9384
3496,139,59,0.9797
3497,139,59,0.6986
3498,139,59,0.9851
3499,139,59,0.5364
3500,139,59,0.1351
2886,121,19,0.5398
2887,121,19,0.9280
2888,121,19,0.8111
2889,121,19,0.7329
2890,121,19,0.8772
2891,121,19,0.9529
2892,121,19,0.9697
2893,121,19,0.9558
2894,121,19,0.7234
2895,121,19,0.1764
3224,133,19,0.6112
3225,133,19,0.8501
3383,137,19,0.6508
3384,137,19,0.3671
3501,139,59,0.7850
3502,139,59,0.9566
3503,139,59,0.7367
3504,139,59,0.6897
3505,139,59,0.9307
2896,121,19,0.6615
2897,121,19,0.8823
2898,121,19,0.9636
2899,121,19,0.9847
2900,121,19,0.8056
2901,121,19,0.9732
2902,121,19,0.0502
2903,121,19,0.7261
2904,121,19,0.9782
3226,133,19,0.6453
3227,133,19,0.8754
3385,137,19,0.7629
3386,137,19,0.8362
3387,137,19,0.4038
3506,139,59,0.7947
3507,139,59,0.5836
3508,139,59,0.4599
3509,139,59,0.9382
3510,139,59,0.8934
3511,139,59,0.6526
3228,133,19,0.8305
3229,133,19,0.9309
3230,133,19,0.9495
3231,133,19,0.6749
3232,133,19,0.3375
3233,133,19,0.2746
3234,133,19,0.3045
3235,133,19,0.8247
3236,133,19,0.8358
3237,133,19,0.9027
3388,137,19,0.7586
3389,137,19,0.5209
3390,137,19,0.9823
3391,137,19,0.6513
3392,137,19,0.3564
3393,137,19,0.5263
3512,139,59,0.8974
3513,139,59,0.9346
3514,139,59,0.9665
3515,139,59,0.9424
3516,139,59,0.3755
3517,139,59,0.8461
3685,140,59,0.8807
3686,140,59,0.9220
3687,140,59,0.9742
3688,140,59,0.6505
3689,140,59,0.7795
3690,140,59,0.3249
3691,140,59,0.9338
3692,140,59,0.9644
3693,140,59,0.8932
3694,140,59,0.9406
3238,133,19,0.5174
3239,133,19,0.4950
3394,137,19,0.2620
3395,137,19,0.7094
3518,139,59,0.9294
3519,139,59,0.8525
3520,139,59,0.9302
3695,140,19,0.6013
3696,140,19,0.7067
3697,140,19,0.6830
3698,140,19,0.0915
3699,140,19,0.7916
3700,140,19,0.5606
3701,140,19,0.9724
3702,140,19,0.6488
3703,140,19,0.9253
3704,140,19,0.8083
3240,133,19,0.9098
3241,133,19,0.8941
3242,133,19,0.9232
3243,133,19,0.3371
3396,137,19,0.8558
3397,137,19,0.6114
3398,137,19,0.4384
3521,139,59,0.9451
3522,139,59,0.9384
3523,139,59,0.2893
3524,139,59,0.7624
3525,139,59,0.9763
3526,139,59,0.3169
3527,139,59,0.4075
3705,140,19,0.7656
3706,140,19,0.9413
3707,140,19,0.6316
3708,140,19,0.8455
3709,140,19,0.3852
3710,140,19,0.7836
3711,140,19,0.8834
3712,140,19,0.5216
3713,140,19,0.8211
3714,140,19,0.6560
3244,133,19,0.1875
3245,133,19,0.7526
3399,137,19,0.9273
3400,137,19,0.2362
3401,137,19,0.4803
3402,137,19,0.7304
3528,139,59,0.9067
3529,139,59,0.9396
3530,139,59,0.7629
3715,140,19,0.4224
3716,140,19,0.8805
3717,140,19,0.5948
3718,140,19,0.9674
3719,140,19,0.9600
3720,140,19,0.9179
3721,140,19,0.8884
3722,140,19,0.9787
3723,140,19,0.5341
3724,140,19,0.9650
3246,133,19,0.4535
3247,133,19,0.9283
3403,137,19,0.5385
3404,137,19,0.7814
3531,139,59,0.9649
3532,139,59,0.2791
3533,139,59,0.9626
3534,139,59,0.6244
3535,139,59,0.9940
3536,139,59,0.6995
3537,139,59,0.0769
3538,139,59,0.9185
3539,139,59,0.2687
3725,140,19,0.3668
3726,140,19,0.7729
3727,140,19,0.7983
3728,140,19,0.9718
3729,140,19,0.9496
3730,140,19,0.7443
3731,140,19,0.2192
3732,140,19,0.8184
3733,140,19,0.8627
3734,140,19,0.6337
3248,133,19,0.4699
3249,133,19,0.9693
3250,133,19,0.1974
3405,137,19,0.8807
3406,137,19,0.9436
3407,137,19,0.9806
3408,137,19,0.5070
3409,137,19,0.9362
3410,137,19,0.9752
3411,137,19,0.7054
3412,137,19,0.0800
3540,139,59,0.9345
3541,139,59,0.6954
3542,139,59,0.7452
3543,139,59,0.9535
3544,139,59,0.4039
3735,140,19,0.9107
3736,140,19,0.8155
3737,140,19,0.6402
3738,140,19,0.9087
3739,140,19,0.8308
3740,140,19,0.1543
3741,140,19,0.8256
3742,140,19,0.2709
3743,140,19,0.7450
3744,140,19,0.8172
3251,133,19,0.9013
3252,133,19,0.8104
3253,133,19,0.9675
3254,133,19,0.5598
3255,133,19,0.5385
3256,133,19,0.9366
3257,133,19,0.9562
3258,133,19,0.8808
3259,133,19,0.3485
3260,133,19,0.9109
3413,137,19,0.6915
3414,137,19,0.3531
3545,139,59,0.8095
3546,139,59,0.3472
3547,139,59,0.7878
3548,139,59,0.8827
3549,139,59,0.1825
3550,139,59,0.9437
3551,139,59,0.9675
3745,140,19,0.9582
3746,140,19,0.8110
3747,140,19,0.3293
3748,140,19,0.9355
3749,140,19,0.9655
3750,140,19,0.9225
3751,140,19,0.9742
3752,140,19,0.2076
3753,140,19,0.9586
3261,133,59,0.7128
3262,133,59,0.9045
3263,133,59,0.3004
3264,133,59,0.3112
3265,133,59,0.6741
3266,133,59,0.8585
3267,133,59,0.1966
3268,133,59,0.8355
3269,133,59,0.2105
3270,133,59,0.3629
3415,137,19,0.5473
3416,137,19,0.9440
3417,137,19,0.9701
3418,137,19,0.8085
3419,137,19,0.8947
3420,137,19,0.5768
3421,137,19,0.9474
3422,137,19,0.4151
3423,137,19,0.8333
3424,137,19,0.1528
3552,139,59,0.8573
3553,139,59,0.1225
3554,139,59,0.8987
3754,140,59,0.9364
3755,140,59,0.2381
3756,140,59,0.1404
3757,140,59,0.8269
3758,140,59,0.9813
3759,140,59,0.9617
3760,140,59,0.6437
3761,140,59,0.7832
3762,140,59,0.9427
3271,133,59,0.8270
3272,133,59,0.3950
3273,133,59,0.9405
3274,133,59,0.9301
3275,133,59,0.9790
3276,133,59,0.9838
3277,133,59,0.0228
3278,133,59,0.2923
3279,133,59,0.9573
3280,133,59,0.8766
3425,137,19,0.6129
3426,137,19,0.9457
3427,137,19,0.5593
3555,139,59,0.9257
3556,139,59,0.1963
3557,139,59,0.9413
3763,140,59,0.8377
3764,140,59,0.6791
3765,140,59,0.7934
3766,140,59,0.9762
3767,140,59,0.9657
3768,140,59,0.3611
3769,140,59,0.5634
3770,140,59,0.9326
3771,140,59,0.9787
3772,140,59,0.8854
3281,133,59,0.9233
3282,133,59,0.8789
3283,133,59,0.9649
3284,133,59,0.3631
3285,133,59,0.8660
3286,133,59,0.6586
3287,133,59,0.2261
3428,137,19,0.6047
3429,137,19,0.5397
3558,139,59,0.6154
3559,139,59,0.8050
3560,139,59,0.8113
3561,139,59,0.9490
3562,139,59,0.7072
3563,139,59,0.8223
3564,139,59,0.9007
3565,139,59,0.0849
3773,141,59,0.5394
3774,141,59,0.3032
3430,137,19,0.9055
3431,137,19,0.9320
3432,137,19,0.8708
3566,139,59,0.7648
3567,139,59,0.4644
3568,139,59,0.3154
3775,141,59,0.0673
3776,141,59,0.2666
3777,141,59,0.5524
3778,141,59,0.9574
3779,141,59,0.3267
3780,141,59,0.2829
3781,141,59,0.9175
3782,141,59,0.7773
3783,141,59,0.8140
3784,141,59,0.9018
3965,142,59,0.9276
3966,142,59,0.7010
3967,142,59,0.9087
3968,142,59,0.4528
3969,142,59,0.4290
3970,142,59,0.4635
3971,142,59,0.9276
3972,142,59,0.2713
3973,142,59,0.0347
3974,142,59,0.7585
3433,137,19,0.4311
3434,137,19,0.7116
3569,139,59,0.8869
3570,139,59,0.5783
3571,139,59,0.2651
3572,139,59,0.9110
3573,139,59,0.9703
3574,139,59,0.8633
3575,139,59,0.8839
3576,139,59,0.3405
3577,139,59,0.4286
3785,141,59,0.7209
3786,141,59,0.9773
3787,141,59,0.9524
3788,141,59,0.9562
3789,141,59,0.4548
3790,141,59,0.5835
3791,141,59,0.0932
3792,141,59,0.6268
3793,141,59,0.8266
3794,141,59,0.8239
3975,142,59,0.8815
3976,142,59,0.9304
3977,142,59,0.9710
3978,142,59,0.8310
3979,142,59,0.8263
3980,142,59,0.4922
3981,142,59,0.9061
3982,142,59,0.9738
3983,142,59,0.9242
3984,142,59,0.9418
3435,137,19,0.8098
3436,137,19,0.7225
3437,137,19,0.8384
3578,139,59,0.2662
3579,139,59,0.2509
3795,141,59,0.9272
3796,141,59,0.8663
3797,141,59,0.8496
3798,141,59,0.9771
3799,141,59,0.8099
3800,141,59,0.9698
3801,141,59,0.3699
3985,142,59,0.9595
3986,142,59,0.9590
3987,142,59,0.5724
3988,142,59,0.9566
3989,142,59,0.8572
3990,142,59,0.0732
3991,142,59,0.9317
3992,142,59,0.8326
3993,142,59,0.7368
3994,142,59,0.9125
3438,137,19,0.8288
3439,137,19,0.7286
3440,137,19,0.8311
3441,137,19,0.4259
3442,137,19,0.9757
3443,137,19,0.6520
3444,137,19,0.5396
3580,139,59,0.8436
3581,139,59,0.5515
3582,139,59,0.7646
3802,141,59,0.9306
3995,142,19,0.6537
3996,142,19,0.3356
3997,142,19,0.6882
3998,142,19,0.6869
3999,142,19,0.9608
4000,142,19,0.9902
4001,142,19,0.9921
4002,142,19,0.9939
4003,142,19,0.9944
4004,142,19,0.9954
3445,137,19,0.8638
3446,137,19,0.8112
3447,137,19,0.9623
3448,137,19,0.9777
3449,137,19,0.9430
3450,137,19,0.9248
3451,137,19,0.6376
3452,137,19,0.9437
3583,139,59,0.7786
3584,139,59,0.4310
3585,139,59,0.9003
3586,139,59,0.9511
3587,139,59,0.1810
3588,139,59,0.9101
3589,139,59,0.6160
3590,139,59,0.8420
3803,141,59,0.9269
3804,141,59,0.2755
3805,141,59,0.9298
3806,141,59,0.4223
3807,141,59,0.9236
3808,141,59,0.9280
3809,141,59,0.6935
3810,141,59,0.3390
3811,141,59,0.5613
3812,141,59,0.7435
4005,142,19,0.0964
4006,142,19,0.7163
4007,142,19,0.8235
4008,142,19,0.9300
4009,142,19,0.9786
4010,142,19,0.9792
4011,142,19,0.9842
4012,142,19,0.9813
4013,142,19,0.9856
4014,142,19,0.9824
3453,137,19,0.7708
3454,137,19,0.9108
3591,139,19,0.7303
3592,139,19,0.9037
3593,139,19,0.5068
3813,141,59,0.1091
3814,141,59,0.6780
3815,141,59,0.0158
3816,141,59,0.8459
3817,141,59,0.9492
3818,141,59,0.9794
3819,141,59,0.9873
3820,141,59,0.9775
3821,141,59,0.9861
3822,141,59,0.9013
4015,142,19,0.6269
4016,142,19,0.3971
4017,142,19,0.3915
4018,142,19,0.9106
4019,142,19,0.7714
4020,142,19,0.8636
4021,142,19,0.6580
4022,142,19,0.9058
4023,142,19,0.8341
4024,142,19,0.8812
3455,137,19,0.5774
3456,137,19,0.9508
3457,137,19,0.7811
3458,137,19,0.9169
3459,137,19,0.9103
3460,137,19,0.9854
3461,137,19,0.8342
3462,137,19,0.9640
3463,137,19,0.7542
3464,137,19,0.6758
3594,139,19,0.6575
3595,139,19,0.8841
3596,139,19,0.8053
3823,141,59,0.1085
3824,141,59,0.0117
3825,141,59,0.8224
3826,141,59,0.8517
3827,141,59,0.9854
3828,141,59,0.9431
3829,141,59,0.4885
3830,141,59,0.9959
3831,141,59,0.9840
3832,141,59,0.9876
4025,142,19,0.9449
4026,142,19,0.6685
4027,142,19,0.9416
4028,142,19,0.9062
4029,142,19,0.6452
4030,142,19,0.4496
4031,142,19,0.5728
4032,142,19,0.9014
4033,142,19,0.6523
4034,142,19,0.9740
3465,137,19,0.6814
3466,137,19,0.9465
3467,137,19,0.6621
3468,137,19,0.9255
3469,137,19,0.0843
3470,137,19,0.9853
3597,139,19,0.2248
3598,139,19,0.9266
3599,139,19,0.1657
3600,139,19,0.7037
3601,139,19,0.8839
3602,139,19,0.8570
3603,139,19,0.8945
3604,139,19,0.9597
3605,139,19,0.9171
3606,139,19,0.6456
3833,141,19,0.4878
3834,141,19,0.8678
3835,141,19,0.5655
3836,141,19,0.8787
3837,141,19,0.9255
3838,141,19,0.9768
3839,141,19,0.5181
3840,141,19,0.6450
3841,141,19,0.9183
3842,141,19,0.7382
4035,142,19,0.8419
4036,142,19,0.9460
4037,142,19,0.9684
4038,142,19,0.9438
4039,142,19,0.7209
4040,142,19,0.9388
4041,142,19,0.8926
4042,142,19,0.8599
4043,142,19,0.9706
4044,142,19,0.7241
3471,137,19,0.5893
3472,137,19,0.6745
3473,137,19,0.9625
3474,137,19,0.8743
3475,137,19,0.9270
3476,137,19,0.9675
3477,137,19,0.0707
3607,139,19,0.8191
3608,139,19,0.5145
3609,139,19,0.6407
3610,139,19,0.9517
3611,139,19,0.5408
3843,141,19,0.8606
3844,141,19,0.6862
3845,141,19,0.9814
3846,141,19,0.9724
3847,141,19,0.9773
3848,141,19,0.8625
3849,141,19,0.1874
3850,141,19,0.7759
3851,141,19,0.2535
3852,141,19,0.9061
4045,144,59,0.8928
4046,144,59,0.8974
4047,144,59,0.9447
4048,144,59,0.8924
4049,144,59,0.6350
4050,144,59,0.9262
4051,144,59,0.6590
4052,144,59,0.9464
4053,144,59,0.8522
4054,144,59,0.9579
3478,137,19,0.3163
3479,137,19,0.4270
3612,139,19,0.6026
3613,139,19,0.1058
3614,139,19,0.8367
3615,139,19,0.8698
3616,139,19,0.8969
3617,139,19,0.8573
3618,139,19,0.9722
3619,139,19,0.9401
3620,139,19,0.9651
3621,139,19,0.8077
3853,141,19,0.5803
3854,141,19,0.6759
3855,141,19,0.2169
3856,141,19,0.8436
3857,141,19,0.8051
3858,141,19,0.8825
3859,141,19,0.9612
3860,141,19,0.1234
3861,141,19,0.6333
3862,141,19,0.9160
4055,144,59,0.5361
4056,144,59,0.9627
4057,144,59,0.6295
4058,144,59,0.8450
4059,144,59,0.6665
4060,144,59,0.9755
4061,144,59,0.8731
4062,144,59,0.9623
4063,144,59,0.9883
4064,144,59,0.7285
3480,137,19,0.7628
3481,137,19,0.5285
3482,137,19,0.5986
3622,139,19,0.5697
3623,139,19,0.8515
3624,139,19,0.8256
3625,139,19,0.7322
3626,139,19,0.6698
3627,139,19,0.9299
3628,139,19,0.9579
3863,141,19,0.8544
3864,141,19,0.9738
3865,141,19,0.1159
3866,141,19,0.6634
3867,141,19,0.1252
3868,141,19,0.4532
3869,141,19,0.9787
3870,141,19,0.8394
3871,141,19,0.9396
3872,141,19,0.9062
4065,144,59,0.7940
4066,144,59,0.9833
4067,144,59,0.5903
4068,144,59,0.9870
4069,144,59,0.7166
4070,144,59,0.8088
4071,144,59,0.6162
4072,144,59,0.5771
4073,144,59,0.3829
4074,144,59,0.7949
3483,137,19,0.7203
3484,137,19,0.6730
3485,137,19,0.3225
3629,139,19,0.1635
3630,139,19,0.5686
3873,141,19,0.8208
3874,141,19,0.0242
3875,141,19,0.6097
3876,141,19,0.8589
3877,141,19,0.9250
3878,141,19,0.9498
3879,141,19,0.9819
3880,141,19,0.9901
3881,141,19,0.9910
3882,141,19,0.9929
4075,144,59,0.8336
4076,144,59,0.3380
4077,144,59,0.7947
4078,144,59,0.9798
4079,144,59,0.9184
4080,144,59,0.8743
4081,144,59,0.5781
4082,144,59,0.9106
4083,144,59,0.0894
4084,144,59,0.6472
3486,137,19,0.8437
3487,137,19,0.4754
3488,137,19,0.9593
3489,137,19,0.5498
3490,137,19,0.8666
3491,137,19,0.8378
3492,137,19,0.9773
3493,137,19,0.9595
3494,137,19,0.6505
3631,139,19,0.3516
3632,139,19,0.4930
3883,141,19,0.5039
3884,141,19,0.3851
3885,141,19,0.8684
3886,141,19,0.8957
3887,141,19,0.7903
3888,141,19,0.9113
3889,141,19,0.9230
3890,141,19,0.9358
3891,141,19,0.9356
3892,141,19,0.7492
4085,144,59,0.9151
4086,144,59,0.6774
4087,144,59,0.6822
4088,144,59,0.8928
4089,144,59,0.9533
4090,144,59,0.9718
4091,144,59,0.6129
4092,144,59,0.4570
4093,144,59,0.8663
4094,144,59,0.9114
3633,139,19,0.4119
3634,139,19,0.5482
3893,141,19,0.9397
3894,141,19,0.1433
3895,141,19,0.8014
3896,141,19,0.6982
3897,141,19,0.7527
3898,141,19,0.9304
3899,141,19,0.3949
3900,141,19,0.8408
3901,141,19,0.3509
3902,141,19,0.8737
4095,144,59,0.1241
4096,144,59,0.9499
4510,146,59,0.9257
4511,146,59,0.8628
4512,146,59,0.8013
4513,146,59,0.4629
4514,146,59,0.3068
4515,146,59,0.7191
4516,146,59,0.8158
4517,146,59,0.8441
4518,146,59,0.8118
4519,146,59,0.9416
3635,139,19,0.1668
3636,139,19,0.9027
3903,141,19,0.8571
3904,141,19,0.8609
3905,141,19,0.6782
3906,141,19,0.8109
3907,141,19,0.3484
3908,141,19,0.5461
3909,141,19,0.5338
3910,141,19,0.1499
3911,141,19,0.2114
3912,141,19,0.5427
4097,144,59,0.9483
4098,144,59,0.7812
4099,144,59,0.8624
4100,144,59,0.4969
4101,144,59,0.5581
4102,144,59,0.7373
4103,144,59,0.8455
4104,144,59,0.9290
4520,146,59,0.4946
4521,146,59,0.8458
4522,146,59,0.8743
4523,146,59,0.1724
4524,146,59,0.9405
4525,146,59,0.9535
4526,146,59,0.8868
4527,146,59,0.0084
4528,146,59,0.8115
4529,146,59,0.9875
3637,139,19,0.7942
3638,139,19,0.9633
3639,139,19,0.9613
3640,139,19,0.9797
3641,139,19,0.7531
3642,139,19,0.1268
3913,141,19,0.2376
3914,141,19,0.8391
4105,144,59,0.6553
4106,144,59,0.5204
4107,144,59,0.5074
4108,144,59,0.9153
4109,144,59,0.9730
4110,144,59,0.9564
4111,144,59,0.0161
4112,144,59,0.8209
4113,144,59,0.9413
4114,144,59,0.8061
4530,146,59,0.9303
4531,146,59,0.9645
4532,146,59,0.5681
4533,146,59,0.6700
4534,146,59,0.9504
4535,146,59,0.8941
4536,146,59,0.7513
4537,146,59,0.7117
4538,146,59,0.8238
4539,146,59,0.4130
3643,139,19,0.8695
3644,139,19,0.4634
3645,139,19,0.7338
3646,139,19,0.6337
3647,139,19,0.9360
3648,139,19,0.0672
3649,139,19,0.2426
3650,139,19,0.4694
3915,141,19,0.1189
3916,141,19,0.0328
3917,141,19,0.2067
3918,141,19,0.4814
3919,141,19,0.9650
3920,141,19,0.9895
3921,141,19,0.9920
3922,141,19,0.9943
3923,141,19,0.9925
3924,141,19,0.9948
4115,144,59,0.9100
4116,144,59,0.6194
4117,144,59,0.9798
4118,144,59,0.9059
4119,144,59,0.4856
4120,144,59,0.8438
4121,144,59,0.9368
4540,146,59,0.8759
4541,146,59,0.9496
4542,146,59,0.9762
4543,146,59,0.9836
4544,146,59,0.3348
4545,146,59,0.0634
4546,146,59,0.5798
4547,146,59,0.9680
4548,146,59,0.9402
4549,146,59,0.9871
3651,139,19,0.5511
3652,139,19,0.5223
3653,139,19,0.4568
3925,141,19,0.7701
3926,141,19,0.0738
3927,141,19,0.8168
3928,141,19,0.9707
3929,141,19,0.8061
3930,141,19,0.9241
3931,141,19,0.2535
3932,141,19,0.7704
3933,141,19,0.9311
3934,141,19,0.9595
4122,144,59,0.1598
4123,144,59,0.0948
4124,144,59,0.3568
4125,144,59,0.3724
4126,144,59,0.1695
4127,144,59,0.4737
4128,144,59,0.1837
4550,146,59,0.0707
4551,146,59,0.3999
4552,146,59,0.7907
4553,146,59,0.9320
4554,146,59,0.9748
4555,146,59,0.9402
4556,146,59,0.9629
4557,146,59,0.9670
4558,146,59,0.9574
4559,146,59,0.9831
3654,139,19,0.4247
3655,139,19,0.4006
3935,141,19,0.6327
3936,141,19,0.9217
3937,141,19,0.9203
3938,141,19,0.7390
3939,141,19,0.3047
3940,141,19,0.8222
3941,141,19,0.9133
3942,141,19,0.7362
3943,141,19,0.8306
3944,141,19,0.9245
4129,144,59,0.8353
4130,144,59,0.9407
4131,144,59,0.3671
4132,144,59,0.8436
4133,144,59,0.1387
4134,144,59,0.4800
4135,144,59,0.6741
4136,144,59,0.7289
4137,144,59,0.5083
4138,144,59,0.9154
4560,146,59,0.8174
4561,146,59,0.1838
4562,146,59,0.6054
4563,146,59,0.4094
4564,146,59,0.7454
4565,146,59,0.8390
4566,146,59,0.8999
4567,146,59,0.8550
4568,146,59,0.8965
4569,146,59,0.8482
3656,139,19,0.5203
3657,139,19,0.6969
3945,141,19,0.8184
3946,141,19,0.6238
3947,141,19,0.9851
3948,141,19,0.9266
3949,141,19,0.4143
3950,141,19,0.8142
3951,141,19,0.9672
3952,141,19,0.2615
3953,141,19,0.9576
3954,141,19,0.9350
4139,144,59,0.9376
4140,144,59,0.5349
4141,144,59,0.8088
4142,144,59,0.9168
4143,144,59,0.9784
4144,144,59,0.9864
4145,144,59,0.9891
4146,144,59,0.9893
4147,144,59,0.9925
4148,144,59,0.9927
4570,146,59,0.9140
4571,146,59,0.9441
4572,146,59,0.6245
4573,146,59,0.1793
4574,146,59,0.6558
4575,146,59,0.7431
4576,146,59,0.8339
4577,146,59,0.0703
4578,146,59,0.7272
4579,146,59,0.9751
3658,139,19,0.6220
3659,139,19,0.7439
3660,139,19,0.4854
3661,139,19,0.5641
3955,141,19,0.8648
3956,141,19,0.7059
3957,141,19,0.7468
3958,141,19,0.8767
3959,141,19,0.9833
3960,141,19,0.9276
3961,141,19,0.9506
3962,141,19,0.9328
3963,141,19,0.9298
3964,141,19,0.9645
4149,144,59,0.4166
4150,144,59,0.3174
4151,144,59,0.8013
4152,144,59,0.9678
4153,144,59,0.9896
4154,144,59,0.9912
4155,144,59,0.9913
4156,144,59,0.9930
4157,144,59,0.9932
4158,144,59,0.9940
4580,146,59,0.9256
4581,146,59,0.9590
4582,146,59,0.9684
4583,146,59,0.0517
4584,146,59,0.7203
4585,146,59,0.8985
4586,146,59,0.9421
4587,146,59,0.9500
4588,146,59,0.1035
4589,146,59,0.7446
3662,139,19,0.9047
3663,139,19,0.8858
4159,144,59,0.0602
4160,144,59,0.3843
4161,144,59,0.7630
4162,144,59,0.9089
4163,144,59,0.9746
4164,144,59,0.9166
4165,144,59,0.8982
4166,144,59,0.9751
4167,144,59,0.9509
4168,144,59,0.9728
4590,146,59,0.9543
4591,146,59,0.2074
4592,146,59,0.2818
4593,146,59,0.6509
4594,146,59,0.9091
4595,146,59,0.9442
4596,146,59,0.8168
4597,146,59,0.5658
4598,146,59,0.2569
4599,146,59,0.6219
4729,156,59,0.9388
4730,156,59,0.3013
4731,156,59,0.5326
4732,156,59,0.8746
4733,156,59,0.7869
4734,156,59,0.9439
4735,156,59,0.5479
4736,156,59,0.4430
4737,156,59,0.9660
4738,156,59,0.9407
3664,139,19,0.6765
3665,139,19,0.9469
3666,139,19,0.9695
3667,139,19,0.9742
3668,139,19,0.5476
3669,139,19,0.7863
3670,139,19,0.8605
3671,139,19,0.9810
3672,139,19,0.9872
3673,139,19,0.6032
4169,144,59,0.0285
4170,144,59,0.1014
4171,144,59,0.9729
4172,144,59,0.9673
4173,144,59,0.9657
4174,144,59,0.9484
4175,144,59,0.9536
4176,144,59,0.9314
4177,144,59,0.9546
4178,144,59,0.9016
4600,146,59,0.1552
4601,146,59,0.4778
4602,146,59,0.9629
4603,146,59,0.3896
4604,146,59,0.9840
4605,146,59,0.6707
4606,146,59,0.8821
4607,146,59,0.9102
4608,146,59,0.4088
4609,146,59,0.1054
4739,156,59,0.7456
4740,156,59,0.9294
4741,156,59,0.9273
4742,156,59,0.9796
4743,156,59,0.9293
4744,156,59,0.9348
4745,156,59,0.3622
4746,156,59,0.9241
3674,139,19,0.3504
3675,139,19,0.5317
4179,144,59,0.2029
4180,144,59,0.7701
4181,144,59,0.8639
4182,144,59,0.9151
4183,144,59,0.9825
4184,144,59,0.0722
4185,144,59,0.3817
4186,144,59,0.6704
4187,144,59,0.5641
4188,144,59,0.6749
4610,146,59,0.7820
4611,146,59,0.9804
4612,146,59,0.8665
4613,146,59,0.9543
4614,146,59,0.9037
4615,146,59,0.9040
4616,146,59,0.7985
4617,146,59,0.3794
4618,146,59,0.6652
4619,146,59,0.9618
4747,156,59,0.7391
4748,156,59,0.9645
4749,156,59,0.6561
4750,156,59,0.9537
4751,156,59,0.9226
4752,156,59,0.7244
4753,156,59,0.9665
4754,156,59,0.9466
4755,156,59,0.9852
4756,156,59,0.9599
3676,139,19,0.8003
3677,139,19,0.9380
3678,139,19,0.6979
3679,139,19,0.9714
3680,139,19,0.9696
3681,139,19,0.9576
3682,139,19,0.9117
3683,139,19,0.3944
3684,139,19,0.9599
4189,144,59,0.0785
4190,144,59,0.6348
4191,144,59,0.8375
4192,144,59,0.6385
4193,144,59,0.9321
4194,144,59,0.9310
4195,144,59,0.9142
4196,144,59,0.6069
4197,144,59,0.8469
4198,144,59,0.9618
4620,146,59,0.8299
4621,146,59,0.9656
4622,146,59,0.6426
4623,146,59,0.9464
4624,146,59,0.1279
4625,146,59,0.5195
4626,146,59,0.9653
4627,146,59,0.9897
4628,146,59,0.9928
4629,146,59,0.9945
4757,156,59,0.1911
4758,156,59,0.9094
4759,156,59,0.8590
4760,156,59,0.9107
4761,156,59,0.2415
4762,156,59,0.9378
4763,156,59,0.2626
4764,156,59,0.9066
4765,156,59,0.9080
4199,144,59,0.8803
4200,144,59,0.9077
4201,144,59,0.9210
4202,144,59,0.9146
4203,144,59,0.9773
4204,144,59,0.9814
4205,144,59,0.9806
4206,144,59,0.9824
4207,144,59,0.9832
4208,144,59,0.9865
4630,146,59,0.5371
4631,146,59,0.6602
4632,146,59,0.9098
4633,146,59,0.6331
4634,146,59,0.9096
4635,146,59,0.9258
4636,146,59,0.8865
4637,146,59,0.7879
4638,146,59,0.9199
4639,146,59,0.9026
4766,156,19,0.8217
4767,156,19,0.7184
4768,156,19,0.8749
4769,156,19,0.3877
4900,157,59,0.7617
4901,157,59,0.9387
4902,157,59,0.9586
4903,157,59,0.1400
4904,157,59,0.4518
4905,157,59,0.9528
4906,157,59,0.2726
4907,157,59,0.9088
4908,157,59,0.9384
4909,157,59,0.9585
4209,144,59,0.6983
4210,144,59,0.7897
4211,144,59,0.8842
4212,144,59,0.9695
4213,144,59,0.9880
4214,144,59,0.9858
4215,144,59,0.9870
4216,144,59,0.9894
4217,144,59,0.9886
4218,144,59,0.9898
4640,146,59,0.9238
4641,146,59,0.3790
4642,146,59,0.9617
4643,146,59,0.9086
4644,146,59,0.8765
4645,146,59,0.2293
4646,146,59,0.6114
4647,146,59,0.9098
4648,146,59,0.9757
4649,146,59,0.9850
4770,156,19,0.1755
4771,156,19,0.4462
4910,157,59,0.4221
4911,157,59,0.8332
4912,157,59,0.9724
4913,157,59,0.5905
4914,157,59,0.3968
4915,157,59,0.8801
4916,157,59,0.9425
4917,157,59,0.1457
4918,157,59,0.8535
4919,157,59,0.9318
4219,144,59,0.8569
4220,144,59,0.8863
4221,144,59,0.8758
4222,144,59,0.9666
4223,144,59,0.9835
4224,144,59,0.9903
4225,144,59,0.9865
4226,144,59,0.9906
4227,144,59,0.9844
4228,144,59,0.9748
4650,146,59,0.9457
4651,146,59,0.0298
4652,146,59,0.4084
4653,146,59,0.7443
4654,146,59,0.3168
4655,146,59,0.5275
4656,146,59,0.9339
4657,146,59,0.9485
4658,146,59,0.9803
4659,146,59,0.9904
4772,156,19,0.3786
4773,156,19,0.4922
4920,157,59,0.8836
4921,157,59,0.4829
4922,157,59,0.7926
4923,157,59,0.7706
4924,157,59,0.6160
4925,157,59,0.6874
4926,157,59,0.7129
4927,157,59,0.9183
4928,157,59,0.9366
4929,157,59,0.8667
4229,144,59,0.2975
4230,144,59,0.7391
4231,144,59,0.8013
4232,144,59,0.9379
4233,144,59,0.9582
4234,144,59,0.9866
4235,144,59,0.9818
4236,144,59,0.9887
4237,144,59,0.9704
4238,144,59,0.9889
4660,146,59,0.0907
4661,146,59,0.3401
4662,146,59,0.7123
4663,146,59,0.5208
4664,146,59,0.8038
4665,146,59,0.8392
4666,146,59,0.8093
4667,146,59,0.9436
4668,146,59,0.9404
4669,146,59,0.9482
4774,156,19,0.3073
4775,156,19,0.7646
4930,157,59,0.4495
4931,157,59,0.0596
4932,157,59,0.1319
4933,157,59,0.1687
4934,157,59,0.8796
4935,157,59,0.9410
4936,157,59,0.9937
4937,157,59,0.9613
4938,157,59,0.9930
4939,157,59,0.9951
4239,144,59,0.3012
4240,144,59,0.7376
4241,144,59,0.8011
4242,144,59,0.8487
4243,144,59,0.9688
4244,144,59,0.9778
4245,144,59,0.9818
4246,144,59,0.9874
4247,144,59,0.9916
4248,144,59,0.9862
4670,146,59,0.1263
4671,146,59,0.5823
4672,146,59,0.8029
4673,146,59,0.9265
4674,146,59,0.9727
4675,146,59,0.9583
4676,146,59,0.9827
4677,146,59,0.9811
4678,146,59,0.9842
4679,146,59,0.9745
4776,156,19,0.5905
4777,156,19,0.9409
4778,156,19,0.6740
4779,156,19,0.2947
4780,156,19,0.6374
4781,156,19,0.9393
4782,156,19,0.8659
4783,156,19,0.4703
4940,157,59,0.9576
4941,157,59,0.9278
4942,157,59,0.0237
4943,157,59,0.8259
4944,157,59,0.0763
4945,157,59,0.6996
4946,157,59,0.3353
4947,157,59,0.5673
4948,157,59,0.8840
4949,157,59,0.9862
4249,144,59,0.0250
4250,144,59,0.4415
4251,144,59,0.7463
4252,144,59,0.7861
4253,144,59,0.8865
4254,144,59,0.9202
4255,144,59,0.9679
4256,144,59,0.9784
4257,144,59,0.8843
4258,144,59,0.9681
4680,146,59,0.7965
4681,146,59,0.1055
4682,146,59,0.8375
4683,146,59,0.5597
4684,146,59,0.9359
4685,146,59,0.8076
4686,146,59,0.8588
4687,146,59,0.6771
4688,146,59,0.9217
4689,146,59,0.7809
4784,156,19,0.8429
4785,156,19,0.4295
4950,157,59,0.8881
4951,157,59,0.6513
4952,157,59,0.2496
4953,157,59,0.7988
4954,157,59,0.2686
4955,157,59,0.1549
4956,157,59,0.1022
4957,157,59,0.8937
4958,157,59,0.9835
4959,157,59,0.8819
4259,144,59,0.8927
4260,144,59,0.3222
4261,144,59,0.4958
4262,144,59,0.8770
4263,144,59,0.1958
4264,144,59,0.5694
4265,144,59,0.3745
4266,144,59,0.4331
4267,144,59,0.3631
4268,144,59,0.4913
4690,146,59,0.6478
4691,146,59,0.0720
4692,146,59,0.7422
4693,146,59,0.9231
4694,146,59,0.9717
4695,146,59,0.9849
4696,146,59,0.9591
4697,146,59,0.9574
4698,146,59,0.9726
4699,146,59,0.9844
4786,156,19,0.6304
4787,156,19,0.8288
4960,157,59,0.9200
4961,157,59,0.2502
4962,157,59,0.8837
4963,157,59,0.6605
4964,157,59,0.9577
4965,157,59,0.8077
4966,157,59,0.5567
4967,157,59,0.8902
4968,157,59,0.1267
4969,157,59,0.8516
4269,144,59,0.3035
4270,144,59,0.6957
4271,144,59,0.9165
4272,144,59,0.9484
4273,144,59,0.9514
4274,144,59,0.9766
4275,144,59,0.9764
4700,146,59,0.8892
4701,146,59,0.9801
4702,146,59,0.9909
4703,146,59,0.7606
4704,146,59,0.8553
4705,146,59,0.9099
4706,146,59,0.9253
4707,146,59,0.0566
4708,146,59,0.9204
4709,146,59,0.9446
4788,156,19,0.4539
4789,156,19,0.5260
4970,157,59,0.4619
4971,157,59,0.7361
4972,157,59,0.0552
4973,157,59,0.1157
4974,157,59,0.9734
4975,157,59,0.9482
4976,157,59,0.9862
4977,157,59,0.8309
4978,157,59,0.8875
4979,157,59,0.9827
4276,144,59,0.8496
4277,144,59,0.0318
4278,144,59,0.7946
4279,144,59,0.1181
4280,144,59,0.1095
4281,144,59,0.9787
4282,144,59,0.9797
4283,144,59,0.9757
4284,144,59,0.2171
4710,146,59,0.8559
4711,146,59,0.2464
4712,146,59,0.9873
4713,146,59,0.4548
4714,146,59,0.9654
4715,146,59,0.7128
4716,146,59,0.9718
4717,146,59,0.9724
4718,146,59,0.9828
4790,156,19,0.7752
4791,156,19,0.5622
4792,156,19,0.8012
4793,156,19,0.4289
4794,156,19,0.4810
4795,156,19,0.7608
4796,156,19,0.0822
4797,156,19,0.2995
4980,157,59,0.8244
4981,157,59,0.8953
4982,157,59,0.7322
4983,157,59,0.8801
4984,157,59,0.1999
4985,157,59,0.1029
4986,157,59,0.7157
4987,157,59,0.0361
4988,157,59,0.8663
4989,157,59,0.8838
4285,144,59,0.9267
4286,144,59,0.7365
4287,144,59,0.4205
4719,146,19,0.4901
4720,146,19,0.7014
4721,146,19,0.9015
4722,146,19,0.9708
4723,146,19,0.9351
4724,146,19,0.9775
4725,146,19,0.5905
4726,146,19,0.7870
4727,146,19,0.9595
4728,146,19,0.9807
4798,156,19,0.7720
4799,156,19,0.4939
4800,156,19,0.9662
4801,156,19,0.9172
4802,156,19,0.4367
4803,156,19,0.8004
4804,156,19,0.7364
4805,156,19,0.1451
4990,157,59,0.9449
4991,157,59,0.9565
4992,157,59,0.8943
4993,157,59,0.9383
4994,157,59,0.9046
4995,157,59,0.8990
4996,157,59,0.9118
4997,157,59,0.7256
4998,157,59,0.2861
4999,157,59,0.8269
4288,144,59,0.9229
4289,144,59,0.9406
4290,144,59,0.9677
4291,144,59,0.9707
4292,144,59,0.5485
4293,144,59,0.8471
4294,144,59,0.6265
4295,144,59,0.9563
4296,144,59,0.9502
4297,144,59,0.2576
4806,156,19,0.7849
4807,156,19,0.7868
4808,156,19,0.1973
5000,157,59,0.3453
5001,157,59,0.8410
5002,157,59,0.5202
5003,157,59,0.9243
5004,157,59,0.9526
5005,157,59,0.8497
5006,157,59,0.6502
5007,157,59,0.7429
5008,157,59,0.9562
5009,157,59,0.8945
5051,178,59,0.9054
5052,178,59,0.8536
5053,178,59,0.9822
5054,178,59,0.3856
5055,178,59,0.3446
5056,178,59,0.1171
5057,178,59,0.3353
5058,178,59,0.9750
5059,178,59,0.9823
5060,178,59,0.9894
4298,144,59,0.4814
4299,144,59,0.9477
4300,144,59,0.1165
4301,144,59,0.6435
4302,144,59,0.3281
4303,144,59,0.6191
4304,144,59,0.4730
4305,144,59,0.8580
4809,156,19,0.8010
4810,156,19,0.4897
4811,156,19,0.3918
5010,157,59,0.3394
5011,157,59,0.7780
5012,157,59,0.9783
5013,157,59,0.1256
5014,157,59,0.9036
5015,157,59,0.0851
5016,157,59,0.5738
5017,157,59,0.9824
5018,157,59,0.9212
5019,157,59,0.9864
5061,178,59,0.8964
5062,178,59,0.8514
5063,178,59,0.9458
5064,178,59,0.2769
5065,178,59,0.2475
5066,178,59,0.5555
5067,178,59,0.0791
5068,178,59,0.6585
5069,178,59,0.9869
5070,178,59,0.9215
4306,144,59,0.3631
4307,144,59,0.3899
4812,156,19,0.7686
4813,156,19,0.9026
4814,156,19,0.8598
4815,156,19,0.9863
4816,156,19,0.3641
4817,156,19,0.9836
4818,156,19,0.8930
4819,156,19,0.1194
4820,156,19,0.1119
5020,157,19,0.8975
5021,157,19,0.9366
5022,157,19,0.1986
5023,157,19,0.6821
5024,157,19,0.7951
5025,157,19,0.4105
5026,157,19,0.8939
5027,157,19,0.9019
5028,157,19,0.5223
5029,157,19,0.9177
5071,178,59,0.6360
5072,178,59,0.1963
5073,178,59,0.8769
5074,178,59,0.8057
5075,178,59,0.1211
5076,178,59,0.6928
5077,178,59,0.9772
5078,178,59,0.8147
5079,178,59,0.8875
5080,178,59,0.3651
4308,144,59,0.1610
4309,144,59,0.5962
4310,144,59,0.5340
4311,144,59,0.5583
4821,156,19,0.8342
4822,156,19,0.6640
4823,156,19,0.7666
4824,156,19,0.4882
4825,156,19,0.0427
4826,156,19,0.5370
4827,156,19,0.6868
5030,157,19,0.7410
5031,157,19,0.6362
5032,157,19,0.9538
5033,157,19,0.9683
5034,157,19,0.8646
5035,157,19,0.9266
5036,157,19,0.5096
5037,157,19,0.3282
5038,157,19,0.9705
5039,157,19,0.4045
5081,178,59,0.9296
5082,178,59,0.6790
5083,178,59,0.6639
5084,178,59,0.9327
5085,178,59,0.8425
5086,178,59,0.9526
5087,178,59,0.7610
5088,178,59,0.2679
5089,178,59,0.6635
5090,178,59,0.7827
4312,144,59,0.9439
4313,144,59,0.8949
4314,144,59,0.9854
4315,144,59,0.2332
4316,144,59,0.7601
4317,144,59,0.2809
4318,144,59,0.1678
4319,144,59,0.2882
4320,144,59,0.5661
4828,156,19,0.3105
4829,156,19,0.4283
5040,157,19,0.5913
5041,157,19,0.9202
5042,157,19,0.9646
5043,157,19,0.9563
5044,157,19,0.9755
5045,157,19,0.9674
5046,157,19,0.9531
5047,157,19,0.9844
5048,157,19,0.9757
5049,157,19,0.8971
5091,178,59,0.6623
5092,178,59,0.9770
5093,178,59,0.5701
5094,178,59,0.3800
5095,178,59,0.6314
5096,178,59,0.9718
5097,178,59,0.9490
5098,178,59,0.8645
5099,178,59,0.9302
5100,178,59,0.8246
4321,144,59,0.1860
4322,144,59,0.4614
4323,144,59,0.9154
4324,144,59,0.7710
4325,144,59,0.6665
4326,144,59,0.9714
4327,144,59,0.9824
4328,144,59,0.9853
4329,144,59,0.9914
4330,144,59,0.9903
4830,156,19,0.8203
4831,156,19,0.1523
4832,156,19,0.7565
5050,157,19,0.6495
5101,178,59,0.8708
5102,178,59,0.9794
5103,178,59,0.8897
5104,178,59,0.9201
5105,178,59,0.9815
5106,178,59,0.3143
5107,178,59,0.8237
5108,178,59,0.3954
5109,178,59,0.5530
5110,178,59,0.8756
4331,144,59,0.3964
4332,144,59,0.7724
4333,144,59,0.9078
4334,144,59,0.9776
4335,144,59,0.9788
4336,144,59,0.9911
4337,144,59,0.9908
4338,144,59,0.9917
4339,144,59,0.9934
4340,144,59,0.9919
4833,156,19,0.7763
4834,156,19,0.9400
4835,156,19,0.7609
4836,156,19,0.6317
4837,156,19,0.9395
4838,156,19,0.8518
4839,156,19,0.6643
4840,156,19,0.9188
4841,156,19,0.6723
4842,156,19,0.2513
5111,178,19,0.2748
5112,178,19,0.5498
5113,178,19,0.9721
5114,178,19,0.8538
5115,178,19,0.4587
5116,178,19,0.2627
5117,178,19,0.6064
5118,178,19,0.6296
5119,178,19,0.9215
5120,178,19,0.8074
5171,184,59,0.7347
5172,184,59,0.9137
5173,184,59,0.0228
5174,184,59,0.0728
4341,144,59,0.9718
4342,144,59,0.9715
4343,144,59,0.9732
4344,144,59,0.9849
4345,144,59,0.9930
4346,144,59,0.9811
4347,144,59,0.9947
4348,144,59,0.9925
4349,144,59,0.9952
4350,144,59,0.9943
4843,156,19,0.3634
4844,156,19,0.3632
5121,178,19,0.4684
5122,178,19,0.9701
5123,178,19,0.5918
5124,178,19,0.9366
5125,178,19,0.8279
5126,178,19,0.5651
5127,178,19,0.9422
5128,178,19,0.6639
5129,178,19,0.8747
5130,178,19,0.1157
5175,184,59,0.9336
5176,184,59,0.9621
5177,184,59,0.9811
5178,184,59,0.8587
5179,184,59,0.8813
5180,184,59,0.9510
5181,184,59,0.6303
5182,184,59,0.9151
5183,184,59,0.8441
4351,144,59,0.3647
4352,144,59,0.8424
4353,144,59,0.8895
4354,144,59,0.9425
4355,144,59,0.9750
4356,144,59,0.9875
4357,144,59,0.9909
4358,144,59,0.9897
4359,144,59,0.9903
4360,144,59,0.9955
4845,156,19,0.8437
4846,156,19,0.9649
4847,156,19,0.7956
4848,156,19,0.9765
4849,156,19,0.9095
5131,178,19,0.6745
5132,178,19,0.9558
5133,178,19,0.9155
5134,178,19,0.1802
5135,178,19,0.9393
5136,178,19,0.7921
5137,178,19,0.7981
5138,178,19,0.7381
5139,178,19,0.9441
5140,178,19,0.9474
5184,184,59,0.9026
5185,184,59,0.9617
5186,184,59,0.6740
5187,184,59,0.6786
5188,184,59,0.9802
5189,184,59,0.8599
5190,184,59,0.5716
5191,184,59,0.7716
5192,184,59,0.8160
5193,184,59,0.6159
4361,144,59,0.3446
4362,144,59,0.6588
4363,144,59,0.7906
4364,144,59,0.9589
4365,144,59,0.9657
4366,144,59,0.9914
4367,144,59,0.9871
4368,144,59,0.9658
4369,144,59,0.9886
4370,144,59,0.9889
4850,156,19,0.1692
4851,156,19,0.6027
5141,178,19,0.7584
5142,178,19,0.3930
5143,178,19,0.6511
5144,178,19,0.8864
5145,178,19,0.8319
5146,178,19,0.3522
5147,178,19,0.6888
5148,178,19,0.6934
5149,178,19,0.8085
5150,178,19,0.4888
5194,184,59,0.6001
5195,184,59,0.8391
4371,144,59,0.9858
4372,144,59,0.9577
4373,144,59,0.9911
4374,144,59,0.9864
4375,144,59,0.9905
4376,144,59,0.9949
4377,144,59,0.9892
4378,144,59,0.9958
4379,144,59,0.9933
4380,144,59,0.9969
4852,156,19,0.8210
4853,156,19,0.8949
4854,156,19,0.6044
4855,156,19,0.1837
5151,178,19,0.9713
5152,178,19,0.6908
5153,178,19,0.3902
5154,178,19,0.4095
5155,178,19,0.6810
5156,178,19,0.5014
5157,178,19,0.9323
5158,178,19,0.8840
5159,178,19,0.5992
5160,178,19,0.9701
5196,184,59,0.7427
5197,184,59,0.9418
5198,184,59,0.4673
5199,184,59,0.0714
5200,184,59,0.8642
5201,184,59,0.6092
5202,184,59,0.8734
5203,184,59,0.8393
5204,184,59,0.7198
5205,184,59,0.8883
4381,144,59,0.2218
4382,144,59,0.7287
4383,144,59,0.8301
4384,144,59,0.9371
4385,144,59,0.9899
4386,144,59,0.9896
4387,144,59,0.9905
4388,144,59,0.9929
4389,144,59,0.9918
4390,144,59,0.9938
4856,156,19,0.7788
4857,156,19,0.1144
4858,156,19,0.5692
5161,178,19,0.6134
5162,178,19,0.9148
5163,178,19,0.6757
5164,178,19,0.9737
5165,178,19,0.9726
5166,178,19,0.8524
5167,178,19,0.9324
5168,178,19,0.7702
5169,178,19,0.9708
5170,178,19,0.1688
5206,184,59,0.5335
5207,184,59,0.5519
4391,144,59,0.9227
4392,144,59,0.6466
4393,144,59,0.8392
4394,144,59,0.9467
4395,144,59,0.9790
4396,144,59,0.9863
4397,144,59,0.9887
4398,144,59,0.9942
4399,144,59,0.9919
4400,144,59,0.9945
4859,156,19,0.9028
4860,156,19,0.9083
4861,156,19,0.0750
5208,184,59,0.9591
5209,184,59,0.8477
5210,184,59,0.7453
5211,184,59,0.8301
5212,184,59,0.6567
5213,184,59,0.9702
5214,184,59,0.9739
5215,184,59,0.7439
5216,184,59,0.6839
5217,184,59,0.9448
5885,192,59,0.8666
5886,192,59,0.8769
5887,192,59,0.2886
5888,192,59,0.1021
5889,192,59,0.7718
5890,192,59,0.8870
5891,192,59,0.3373
5892,192,59,0.6265
5893,192,59,0.7961
5894,192,59,0.9648
4401,144,59,0.9340
4402,144,59,0.9792
4403,144,59,0.9872
4404,144,59,0.9916
4405,144,59,0.9949
4406,144,59,0.9894
4407,144,59,0.9951
4408,144,59,0.9941
4409,144,59,0.9947
4410,144,59,0.9948
4862,156,19,0.8614
4863,156,19,0.9411
4864,156,19,0.2705
4865,156,19,0.2631
5218,184,59,0.4751
5219,184,59,0.4808
5895,192,59,0.9555
5896,192,59,0.3133
5897,192,59,0.9360
5898,192,59,0.8284
5899,192,59,0.9678
5900,192,59,0.6715
5901,192,59,0.8787
5902,192,59,0.1694
5903,192,59,0.0654
5904,192,59,0.2428
4411,144,59,0.2461
4412,144,59,0.6862
4413,144,59,0.7907
4414,144,59,0.9069
4415,144,59,0.9632
4416,144,59,0.9829
4417,144,59,0.9907
4418,144,59,0.9818
4419,144,59,0.9874
4420,144,59,0.9787
4866,156,19,0.6764
4867,156,19,0.3029
4868,156,19,0.5191
5220,184,59,0.7603
5221,184,59,0.8248
5222,184,59,0.6265
5223,184,59,0.3528
5224,184,59,0.1904
5225,184,59,0.4785
5226,184,59,0.6864
5227,184,59,0.5775
5228,184,59,0.8411
5229,184,59,0.9035
5905,192,59,0.3332
5906,192,59,0.5871
5907,192,59,0.7565
5908,192,59,0.8383
5909,192,59,0.8568
5910,192,59,0.9722
5911,192,59,0.9754
5912,192,59,0.9816
5913,192,59,0.9645
5914,192,59,0.9866
4421,144,59,0.9340
4422,144,59,0.8175
4423,144,59,0.9702
4424,144,59,0.9857
4425,144,59,0.9799
4426,144,59,0.9850
4427,144,59,0.9850
4428,144,59,0.9872
4429,144,59,0.9903
4430,144,59,0.9883
4869,156,19,0.7723
4870,156,19,0.9285
4871,156,19,0.2119
5230,184,59,0.2439
5231,184,59,0.6877
5232,184,59,0.8829
5233,184,59,0.9380
5234,184,59,0.9722
5235,184,59,0.9830
5236,184,59,0.9877
5237,184,59,0.9917
5238,184,59,0.9925
5239,184,59,0.9937
5915,192,59,0.7554
5916,192,59,0.8479
5917,192,59,0.0353
5918,192,59,0.6486
5919,192,59,0.5913
5920,192,59,0.9099
5921,192,59,0.9775
5922,192,59,0.9887
5923,192,59,0.9772
5924,192,59,0.9917
4431,144,59,0.1860
4432,144,59,0.6820
4433,144,59,0.8217
4434,144,59,0.8734
4435,144,59,0.9538
4436,144,59,0.9774
4437,144,59,0.9717
4438,144,59,0.9869
4439,144,59,0.9859
4440,144,59,0.9910
4872,156,19,0.6454
4873,156,19,0.9168
5240,184,59,0.9641
5241,184,59,0.5374
5242,184,59,0.4907
5243,184,59,0.9242
5244,184,59,0.8009
5245,184,59,0.9474
5246,184,59,0.4482
5247,184,59,0.3200
5248,184,59,0.5856
5249,184,59,0.8249
5925,192,59,0.9867
5926,192,59,0.2632
5927,192,59,0.8992
5928,192,59,0.2677
5929,192,59,0.8137
5930,192,59,0.8112
5931,192,59,0.7006
5932,192,59,0.7626
5933,192,59,0.6834
5934,192,59,0.3807
4441,144,59,0.2317
4442,144,59,0.7003
4443,144,59,0.8577
4444,144,59,0.9545
4445,144,59,0.9752
4446,144,59,0.9804
4447,144,59,0.9811
4448,144,59,0.9865
4449,144,59,0.9868
4450,144,59,0.9862
4874,156,19,0.6730
4875,156,19,0.7640
4876,156,19,0.7540
4877,156,19,0.6541
4878,156,19,0.5215
4879,156,19,0.5483
4880,156,19,0.9224
4881,156,19,0.8644
4882,156,19,0.1050
5250,184,59,0.7673
5251,184,59,0.2840
5935,192,59,0.8213
5936,192,59,0.3583
5937,192,59,0.8802
5938,192,59,0.2083
5939,192,59,0.9105
5940,192,59,0.2622
5941,192,59,0.4727
5942,192,59,0.6413
5943,192,59,0.9090
5944,192,59,0.9847
4451,144,59,0.8316
4452,144,59,0.7806
4453,144,59,0.7396
4454,144,59,0.9408
4455,144,59,0.9797
4456,144,59,0.9833
4457,144,59,0.9896
4458,144,59,0.9870
4459,144,59,0.9936
4460,144,59,0.9902
4883,156,19,0.8370
4884,156,19,0.9349
4885,156,19,0.9169
4886,156,19,0.9267
4887,156,19,0.8969
4888,156,19,0.4738
4889,156,19,0.9061
5252,184,59,0.0416
5253,184,59,0.5470
5945,192,59,0.4206
5946,192,59,0.3040
5947,192,59,0.6247
5948,192,59,0.8068
5949,192,59,0.8851
5950,192,59,0.0253
5951,192,59,0.4056
5952,192,59,0.0851
5953,192,59,0.6714
5954,192,59,0.9046
4461,144,59,0.9523
4462,144,59,0.9892
4463,144,59,0.9863
4464,144,59,0.9895
4465,144,59,0.9920
4466,144,59,0.9902
4467,144,59,0.9934
4468,144,59,0.9933
4469,144,59,0.9942
4470,144,59,0.9924
4890,156,19,0.6195
4891,156,19,0.9488
4892,156,19,0.5077
4893,156,19,0.8809
4894,156,19,0.9045
4895,156,19,0.5794
4896,156,19,0.3765
4897,156,19,0.9588
4898,156,19,0.3840
4899,156,19,0.9678
5254,184,59,0.1137
5255,184,59,0.5151
5955,192,59,0.9439
5956,192,59,0.6186
5957,192,59,0.9136
5958,192,59,0.0416
5959,192,59,0.8597
5960,192,59,0.5012
5961,192,59,0.8198
5962,192,59,0.5368
5963,192,59,0.9010
5964,192,59,0.9832
4471,144,59,0.1676
4472,144,59,0.4626
4473,144,59,0.7076
4474,144,59,0.8163
4475,144,59,0.9418
4476,144,59,0.9735
4477,144,59,0.9763
4478,144,59,0.9843
4479,144,59,0.9853
4480,144,59,0.9920
5256,184,59,0.5562
5257,184,59,0.8744
5258,184,59,0.2472
5259,184,59,0.8562
5260,184,59,0.0557
5261,184,59,0.1471
5965,192,59,0.0571
5966,192,59,0.3300
5967,192,59,0.3355
5968,192,59,0.8178
5969,192,59,0.6849
5970,192,59,0.8947
5971,192,59,0.9682
5972,192,59,0.9922
5973,192,59,0.9714
5974,192,59,0.9888
6195,199,59,0.9165
6196,199,59,0.9411
6197,199,59,0.7575
6198,199,59,0.2111
4481,144,59,0.7794
4482,144,59,0.6545
4483,144,59,0.8885
4484,144,59,0.6236
4485,144,59,0.8574
4486,144,59,0.7746
4487,144,59,0.8051
4488,144,59,0.8335
4489,144,59,0.9500
4490,144,59,0.9045
5262,184,59,0.9424
5263,184,59,0.8401
5264,184,59,0.9392
5265,184,59,0.6893
5266,184,59,0.9709
5267,184,59,0.7358
5268,184,59,0.8617
5269,184,59,0.9787
5270,184,59,0.1062
5271,184,59,0.1545
5975,192,59,0.0171
5976,192,59,0.4628
5977,192,59,0.6828
5978,192,59,0.9332
5979,192,59,0.9332
5980,192,59,0.4892
5981,192,59,0.7425
5982,192,59,0.9508
5983,192,59,0.9865
5984,192,59,0.9553
6199,199,59,0.4006
6200,199,59,0.4855
4491,144,59,0.5623
4492,144,59,0.9434
4493,144,59,0.5825
4494,144,59,0.7909
4495,144,59,0.9461
4496,144,59,0.9633
4497,144,59,0.9810
4498,144,59,0.9670
4499,144,59,0.9767
5272,184,59,0.8203
5273,184,59,0.5897
5274,184,59,0.2704
5275,184,59,0.8915
5276,184,59,0.1134
5277,184,59,0.2139
5278,184,59,0.9165
5279,184,59,0.9441
5280,184,59,0.9786
5281,184,59,0.5378
5985,192,59,0.8303
5986,192,59,0.8755
5987,192,59,0.9703
5988,192,59,0.9312
5989,192,59,0.9773
5990,192,59,0.8248
5991,192,59,0.3435
5992,192,59,0.1694
5993,192,59,0.8558
5994,192,59,0.5010
6201,199,59,0.6455
6202,199,59,0.9210
6203,199,59,0.8915
6204,199,59,0.7446
6205,199,59,0.1438
4500,144,19,0.8555
4501,144,19,0.7615
4502,144,19,0.9808
4503,144,19,0.8968
4504,144,19,0.9780
4505,144,19,0.9505
4506,144,19,0.3528
4507,144,19,0.9176
4508,144,19,0.7383
4509,144,19,0.8152
5282,184,19,0.6429
5283,184,19,0.0409
5284,184,19,0.8003
5285,184,19,0.9728
5286,184,19,0.9687
5287,184,19,0.9759
5288,184,19,0.9805
5289,184,19,0.9758
5290,184,19,0.9857
5291,184,19,0.9813
5995,192,59,0.9233
5996,192,59,0.8947
5997,192,59,0.1113
5998,192,59,0.8433
5999,192,59,0.8329
6000,192,59,0.8835
6001,192,59,0.9608
6002,192,59,0.5893
6003,192,59,0.7818
6206,199,59,0.9323
6207,199,59,0.9182
6208,199,59,0.9734
6209,199,59,0.5044
6210,199,59,0.9696
6211,199,59,0.9736
6212,199,59,0.9822
6213,199,59,0.1841
6214,199,59,0.4292
6215,199,59,0.9618
5292,184,19,0.3928
5293,184,19,0.6830
5294,184,19,0.8302
5295,184,19,0.7706
5296,184,19,0.8470
5297,184,19,0.8066
5298,184,19,0.9123
5299,184,19,0.8662
5300,184,19,0.8984
5301,184,19,0.8120
6004,192,19,0.3311
6005,192,19,0.9657
6006,192,19,0.9777
6007,192,19,0.9835
6008,192,19,0.0372
6009,192,19,0.2790
6010,192,19,0.8214
6011,192,19,0.6743
6012,192,19,0.9578
6013,192,19,0.9869
6216,199,59,0.8472
6217,199,59,0.9884
6218,199,59,0.7683
6219,199,59,0.9661
6220,199,59,0.9359
6221,199,59,0.1217
6222,199,59,0.6752
6223,199,59,0.4946
6224,199,59,0.2112
6294,203,59,0.9485
6295,203,59,0.9280
6296,203,59,0.7997
5302,184,19,0.4229
5303,184,19,0.1890
5304,184,19,0.7984
5305,184,19,0.9722
5306,184,19,0.9847
5307,184,19,0.9876
5308,184,19,0.9899
5309,184,19,0.9912
5310,184,19,0.9908
5311,184,19,0.9920
6014,192,19,0.3974
6015,192,19,0.9688
6016,192,19,0.0371
6017,192,19,0.9707
6018,192,19,0.0868
6019,192,19,0.1158
6020,192,19,0.9528
6021,192,19,0.9791
6022,192,19,0.5185
6023,192,19,0.7145
6225,199,19,0.8811
6226,199,19,0.7863
6227,199,19,0.4507
6228,199,19,0.2966
6229,199,19,0.8692
6230,199,19,0.3384
6297,203,59,0.8292
6298,203,59,0.9794
6299,203,59,0.7776
6300,203,59,0.9816
6301,203,59,0.3530
6302,203,59,0.5967
5312,184,19,0.2881
5313,184,19,0.1758
5314,184,19,0.3832
5315,184,19,0.8413
5316,184,19,0.8338
5317,184,19,0.8353
5318,184,19,0.8156
5319,184,19,0.9147
5320,184,19,0.1376
5321,184,19,0.5619
6024,192,19,0.4203
6025,192,19,0.3237
6026,192,19,0.7256
6027,192,19,0.9145
6028,192,19,0.9798
6029,192,19,0.9713
6030,192,19,0.9905
6031,192,19,0.9935
6032,192,19,0.9930
6033,192,19,0.9942
6231,199,19,0.7942
6232,199,19,0.9326
6233,199,19,0.9223
6234,199,19,0.6110
6235,199,19,0.8221
6236,199,19,0.3242
6237,199,19,0.6905
6238,199,19,0.2640
6303,203,59,0.8364
6304,203,59,0.9801
6305,203,59,0.4062
6306,203,59,0.9697
6307,203,59,0.5677
6308,203,59,0.4513
6309,203,59,0.5937
6310,203,59,0.8941
6311,203,59,0.8641
6312,203,59,0.8803
5322,184,19,0.1702
5323,184,19,0.7121
5324,184,19,0.1786
5325,184,19,0.4267
5326,184,19,0.7370
5327,184,19,0.3610
5328,184,19,0.5286
5329,184,19,0.4230
5330,184,19,0.3752
5331,184,19,0.4673
6034,192,19,0.4179
6035,192,19,0.6274
6036,192,19,0.7019
6037,192,19,0.2554
6038,192,19,0.3768
6039,192,19,0.8768
6040,192,19,0.7903
6041,192,19,0.9198
6042,192,19,0.5675
6043,192,19,0.9091
6239,199,19,0.4590
6240,199,19,0.8150
6241,199,19,0.3975
6313,203,19,0.6547
6314,203,19,0.7809
6315,203,19,0.9210
6316,203,19,0.5789
5332,184,19,0.8573
5333,184,19,0.5993
5334,184,19,0.5498
5335,184,19,0.5839
5336,184,19,0.6637
5337,184,19,0.2070
5338,184,19,0.9138
5339,184,19,0.6436
5340,184,19,0.4713
5341,184,19,0.9563
6044,192,19,0.8347
6045,192,19,0.3724
6046,192,19,0.7796
6047,192,19,0.8114
6048,192,19,0.0409
6049,192,19,0.8704
6050,192,19,0.9569
6051,192,19,0.9276
6052,192,19,0.9439
6053,192,19,0.4764
6242,199,19,0.5797
6243,199,19,0.4016
6244,199,19,0.7890
6245,199,19,0.3166
6246,199,19,0.9018
6247,199,19,0.8455
6248,199,19,0.4464
6249,199,19,0.1158
6317,203,19,0.4296
6318,203,19,0.9033
6319,203,19,0.9823
6320,203,19,0.8995
6321,203,19,0.7647
6322,203,19,0.8260
6323,203,19,0.1227
6324,203,19,0.6408
5342,184,19,0.5106
5343,184,19,0.9242
6054,192,19,0.9190
6055,192,19,0.2061
6056,192,19,0.7726
6057,192,19,0.4462
6058,192,19,0.8820
6059,192,19,0.8282
6060,192,19,0.0846
6061,192,19,0.3317
6062,192,19,0.3960
6063,192,19,0.7132
6250,199,19,0.7315
6251,199,19,0.4206
6325,203,19,0.7428
6326,203,19,0.3794
5344,184,19,0.2037
5345,184,19,0.6721
6064,192,19,0.3542
6065,192,19,0.3627
6066,192,19,0.5326
6067,192,19,0.8710
6068,192,19,0.9551
6069,192,19,0.9832
6070,192,19,0.9849
6071,192,19,0.9886
6072,192,19,0.9883
6073,192,19,0.9894
6252,199,19,0.6375
6253,199,19,0.8441
6254,199,19,0.9688
6255,199,19,0.9849
6256,199,19,0.8223
6257,199,19,0.4478
6258,199,19,0.8694
6259,199,19,0.8434
6260,199,19,0.1879
6261,199,19,0.9635
6327,203,19,0.3572
6328,203,19,0.8745
5346,184,19,0.1725
5347,184,19,0.6735
6074,192,19,0.5422
6075,192,19,0.6859
6076,192,19,0.3625
6077,192,19,0.8155
6078,192,19,0.9029
6079,192,19,0.9798
6080,192,19,0.9873
6081,192,19,0.9854
6082,192,19,0.9790
6083,192,19,0.9859
6262,199,19,0.9309
6263,199,19,0.9175
6264,199,19,0.9552
6265,199,19,0.3230
6329,203,19,0.2427
6330,203,19,0.5813
6331,203,19,0.9721
6332,203,19,0.8230
6333,203,19,0.8007
6334,203,19,0.2127
6335,203,19,0.9740
6336,203,19,0.9709
6337,203,19,0.9884
6338,203,19,0.9847
5348,184,19,0.2420
5349,184,19,0.6754
6084,192,19,0.0443
6085,192,19,0.7361
6086,192,19,0.1102
6087,192,19,0.7377
6088,192,19,0.8969
6089,192,19,0.9708
6090,192,19,0.9768
6091,192,19,0.9866
6092,192,19,0.9823
6093,192,19,0.9859
6266,199,19,0.6306
6267,199,19,0.8038
6339,203,19,0.7578
6340,203,19,0.9799
6341,203,19,0.6277
6342,203,19,0.6583
6343,203,19,0.8437
6344,203,19,0.9044
6345,203,19,0.8335
6346,203,19,0.9475
6347,203,19,0.9398
6348,203,19,0.8697
5350,184,19,0.0696
5351,184,19,0.2013
6094,192,19,0.5077
6095,192,19,0.6058
6096,192,19,0.7256
6097,192,19,0.9346
6098,192,19,0.9385
6099,192,19,0.9068
6100,192,19,0.4745
6101,192,19,0.6582
6102,192,19,0.7476
6103,192,19,0.9502
6268,199,19,0.8245
6269,199,19,0.8207
6270,199,19,0.5656
6271,199,19,0.0486
6349,206,59,0.7320
6350,206,59,0.9710
6351,206,59,0.8554
6352,206,59,0.8852
6353,206,59,0.9737
6354,206,59,0.9858
6355,206,59,0.9091
6356,206,59,0.9740
6357,206,59,0.3848
5352,184,19,0.9051
5353,184,19,0.8299
5354,184,19,0.9796
5355,184,19,0.8806
5356,184,19,0.0862
5357,184,19,0.7144
5358,184,19,0.7123
5359,184,19,0.9461
5360,184,19,0.8329
5361,184,19,0.2028
6104,192,19,0.7650
6105,192,19,0.1271
6106,192,19,0.5902
6107,192,19,0.5538
6108,192,19,0.9034
6109,192,19,0.3410
6110,192,19,0.6670
6111,192,19,0.9515
6112,192,19,0.9719
6113,192,19,0.9835
6272,199,19,0.5509
6273,199,19,0.6021
6358,206,19,0.7212
6359,206,19,0.9776
6360,206,19,0.9073
6361,206,19,0.8590
6362,206,19,0.8947
6363,206,19,0.5832
6364,206,19,0.7448
6365,206,19,0.9341
6366,206,19,0.8441
6367,206,19,0.7082
5362,184,19,0.1626
5363,184,19,0.5270
5364,184,19,0.8210
5365,184,19,0.7348
5366,184,19,0.8975
5367,184,19,0.8242
5368,184,19,0.8701
5369,184,19,0.7920
5370,184,19,0.8724
5371,184,19,0.1154
6114,192,19,0.8193
6115,192,19,0.9511
6116,192,19,0.6813
6117,192,19,0.5354
6118,192,19,0.8417
6119,192,19,0.3994
6120,192,19,0.7354
6121,192,19,0.8647
6122,192,19,0.9788
6123,192,19,0.9897
6274,199,19,0.6234
6275,199,19,0.8365
6276,199,19,0.8923
6368,206,19,0.8548
6369,206,19,0.9065
6370,206,19,0.6143
6371,206,19,0.6374
6372,206,19,0.9690
6373,206,19,0.1920
6374,206,19,0.9045
6375,206,19,0.9215
6376,206,19,0.1413
6377,206,19,0.5921
5372,184,19,0.7364
5373,184,19,0.8178
5374,184,19,0.9292
5375,184,19,0.9829
5376,184,19,0.8392
5377,184,19,0.9605
5378,184,19,0.9807
5379,184,19,0.9845
5380,184,19,0.9869
5381,184,19,0.9783
6124,192,19,0.7632
6125,192,19,0.9234
6126,192,19,0.6860
6127,192,19,0.7812
6128,192,19,0.1583
6129,192,19,0.9554
6130,192,19,0.2521
6131,192,19,0.8617
6132,192,19,0.7972
6133,192,19,0.0491
6277,199,19,0.5641
6278,199,19,0.9384
6279,199,19,0.4819
6280,199,19,0.5152
6378,206,19,0.3419
6379,206,19,0.2254
6380,206,19,0.0884
6381,206,19,0.8373
6382,206,19,0.9732
6383,206,19,0.9894
6384,206,19,0.9921
6385,206,19,0.9911
6386,206,19,0.9929
6387,206,19,0.9785
5382,184,19,0.5656
5383,184,19,0.2959
5384,184,19,0.8475
5385,184,19,0.7282
5386,184,19,0.9352
5387,184,19,0.9738
5388,184,19,0.9650
5389,184,19,0.9735
5390,184,19,0.9757
5391,184,19,0.9764
6134,192,19,0.8642
6135,192,19,0.5776
6136,192,19,0.1083
6137,192,19,0.9103
6138,192,19,0.9537
6139,192,19,0.9790
6140,192,19,0.9808
6141,192,19,0.9568
6142,192,19,0.8847
6143,192,19,0.9586
6281,199,19,0.8650
6282,199,19,0.9544
6283,199,19,0.8541
6388,206,19,0.4139
6389,206,19,0.7082
6390,206,19,0.6563
6391,206,19,0.9907
6392,206,19,0.9205
6393,206,19,0.9734
6394,206,19,0.9929
6395,206,19,0.9949
6396,206,19,0.9944
6397,206,19,0.9955
5392,184,19,0.6094
5393,184,19,0.7790
5394,184,19,0.7954
5395,184,19,0.8832
5396,184,19,0.9668
5397,184,19,0.9766
5398,184,19,0.9734
5399,184,19,0.9687
5400,184,19,0.9815
5401,184,19,0.9649
6144,192,19,0.4692
6145,192,19,0.1805
6284,199,19,0.7923
6285,199,19,0.6599
6286,199,19,0.8492
6287,199,19,0.5201
6288,199,19,0.8753
6289,199,19,0.9693
6290,199,19,0.7705
6291,199,19,0.9378
6292,199,19,0.9322
6293,199,19,0.8626
6398,206,19,0.4640
6399,206,19,0.2926
6400,206,19,0.4877
6401,206,19,0.7895
6402,206,19,0.5737
6403,206,19,0.8578
6404,206,19,0.9665
6405,206,19,0.9685
6406,206,19,0.9836
6407,206,19,0.9829
5402,184,19,0.7684
5403,184,19,0.4413
5404,184,19,0.0694
5405,184,19,0.1574
5406,184,19,0.4268
5407,184,19,0.5659
5408,184,19,0.2624
5409,184,19,0.5660
5410,184,19,0.6977
5411,184,19,0.8941
6146,192,19,0.4940
6147,192,19,0.2934
6148,192,19,0.1375
6408,206,19,0.8560
6409,206,19,0.9665
6410,206,19,0.6550
6411,206,19,0.8844
6412,206,19,0.8351
6413,206,19,0.1957
6414,206,19,0.7928
6415,206,19,0.9682
6416,206,19,0.3807
6417,206,19,0.9859
5412,184,19,0.2422
5413,184,19,0.6913
5414,184,19,0.8352
5415,184,19,0.0616
5416,184,19,0.4267
5417,184,19,0.7323
5418,184,19,0.3031
5419,184,19,0.4668
5420,184,19,0.6611
5421,184,19,0.6421
6149,192,19,0.1478
6150,192,19,0.6660
6418,206,19,0.3884
6419,206,19,0.4071
6420,206,19,0.5317
6421,206,19,0.7737
6422,206,19,0.9862
6423,206,19,0.9798
6424,206,19,0.8503
6425,206,19,0.9825
6426,206,19,0.8697
6427,206,19,0.0869
5422,184,19,0.9488
5423,184,19,0.1626
5424,184,19,0.9830
6151,192,19,0.8253
6152,192,19,0.0661
6153,192,19,0.7075
6428,206,19,0.6977
6429,206,19,0.4324
6430,206,19,0.1098
6431,206,19,0.8866
6432,206,19,0.6404
6433,206,19,0.9293
6434,206,19,0.7823
6435,206,19,0.5269
6436,206,19,0.9808
6437,206,19,0.1056
5425,184,19,0.8437
5426,184,19,0.8075
5427,184,19,0.2538
6154,192,19,0.1818
6155,192,19,0.5627
6438,206,19,0.0944
6439,206,19,0.2921
5428,184,19,0.6417
5429,184,19,0.9239
5430,184,19,0.4319
5431,184,19,0.4826
5432,184,19,0.7371
5433,184,19,0.3389
5434,184,19,0.7614
6156,192,19,0.1380
6440,206,19,0.4306
6441,206,19,0.8643
6442,206,19,0.4516
6443,206,19,0.2977
6444,206,19,0.9195
6445,206,19,0.9633
6446,206,19,0.4229
6447,206,19,0.8286
6448,206,19,0.9221
6449,206,19,0.4926
5435,184,19,0.6674
5436,184,19,0.8568
5437,184,19,0.5090
5438,184,19,0.2369
5439,184,19,0.3047
5440,184,19,0.1345
5441,184,19,0.7977
5442,184,19,0.9043
5443,184,19,0.9815
5444,184,19,0.9869
6157,192,19,0.8688
6158,192,19,0.1290
6159,192,19,0.5292
6160,192,19,0.2855
6161,192,19,0.7201
6162,192,19,0.9025
6163,192,19,0.1412
6164,192,19,0.9681
6165,192,19,0.0500
6166,192,19,0.4818
6450,206,19,0.9286
6451,206,19,0.1838
6452,206,19,0.2404
6453,206,19,0.9138
6454,206,19,0.9780
6455,206,19,0.7715
6456,206,19,0.8857
6457,206,19,0.7953
6458,206,19,0.7849
6459,206,19,0.8368
5445,184,19,0.4392
5446,184,19,0.9363
5447,184,19,0.3582
6167,192,19,0.9345
6168,192,19,0.1235
6169,192,19,0.6704
6170,192,19,0.8432
6171,192,19,0.8937
6172,192,19,0.8169
6173,192,19,0.8065
6174,192,19,0.7634
6175,192,19,0.9486
6176,192,19,0.7581
6460,206,19,0.8100
6461,206,19,0.3884
6462,206,19,0.4936
6463,206,19,0.3162
6464,206,19,0.8958
6465,206,19,0.8313
6466,206,19,0.9865
6467,206,19,0.8351
6468,206,19,0.9164
6469,206,19,0.1916
5448,184,19,0.5592
5449,184,19,0.0937
5450,184,19,0.9174
5451,184,19,0.6938
5452,184,19,0.8655
5453,184,19,0.7615
5454,184,19,0.0364
5455,184,19,0.8730
5456,184,19,0.8538
5457,184,19,0.9133
6177,192,19,0.1183
6178,192,19,0.9727
6179,192,19,0.9486
6180,192,19,0.8726
6181,192,19,0.9703
6182,192,19,0.9109
6470,206,19,0.8359
6471,206,19,0.9623
6472,206,19,0.6331
6473,206,19,0.1817
6474,206,19,0.6846
6475,206,19,0.9270
6476,206,19,0.8182
6477,206,19,0.8395
6478,206,19,0.8427
6479,206,19,0.9731
5458,184,19,0.8910
5459,184,19,0.2669
5460,184,19,0.0567
5461,184,19,0.4780
5462,184,19,0.1906
5463,184,19,0.4213
5464,184,19,0.5568
5465,184,19,0.6797
5466,184,19,0.2290
5467,184,19,0.7267
6183,192,19,0.3627
6184,192,19,0.6836
6480,206,19,0.3964
6481,206,19,0.2825
6482,206,19,0.7952
6483,206,19,0.5334
6484,206,19,0.6573
6485,206,19,0.6471
6486,206,19,0.2051
6487,206,19,0.9737
6488,206,19,0.9324
6489,206,19,0.9793
5468,184,19,0.5703
5469,184,19,0.6937
5470,184,19,0.0660
5471,184,19,0.7975
5472,184,19,0.0596
5473,184,19,0.7386
5474,184,19,0.2742
5475,184,19,0.7310
5476,184,19,0.8219
5477,184,19,0.9656
6185,192,19,0.7425
6186,192,19,0.5053
6187,192,19,0.7017
6188,192,19,0.7568
6189,192,19,0.8694
6190,192,19,0.8681
6191,192,19,0.9465
6192,192,19,0.4029
6193,192,19,0.9764
6194,192,19,0.9667
6490,206,19,0.2260
6491,206,19,0.5871
5478,184,19,0.4644
5479,184,19,0.0475
5480,184,19,0.6920
5481,184,19,0.9419
5482,184,19,0.8869
5483,184,19,0.9689
5484,184,19,0.8746
5485,184,19,0.9704
5486,184,19,0.9863
5487,184,19,0.9835
6492,206,19,0.7670
6493,206,19,0.1260
6494,206,19,0.2538
6495,206,19,0.6881
6496,206,19,0.8401
6497,206,19,0.9539
6498,206,19,0.9914
6499,206,19,0.9941
6500,206,19,0.9935
6501,206,19,0.9946
5488,184,19,0.2127
5489,184,19,0.8080
5490,184,19,0.9080
5491,184,19,0.9723
5492,184,19,0.9671
5493,184,19,0.9801
5494,184,19,0.9777
5495,184,19,0.9826
5496,184,19,0.9487
5497,184,19,0.9763
6502,206,19,0.4087
6503,206,19,0.9645
6504,206,19,0.6275
6505,206,19,0.3229
6506,206,19,0.8556
6507,206,19,0.8148
6508,206,19,0.9133
6509,206,19,0.7926
6510,206,19,0.9424
6511,206,19,0.9634
5498,184,19,0.2160
5499,184,19,0.3913
5500,184,19,0.7672
5501,184,19,0.7574
5502,184,19,0.8993
5503,184,19,0.8629
5504,184,19,0.9043
5505,184,19,0.8646
5506,184,19,0.9037
5507,184,19,0.8377
6512,206,19,0.8718
6513,206,19,0.3314
6514,206,19,0.5448
6515,206,19,0.4857
6516,206,19,0.7705
6517,206,19,0.8591
6518,206,19,0.5183
6519,206,19,0.8916
6520,206,19,0.9606
6521,206,19,0.8977
5508,184,19,0.7458
5509,184,19,0.6634
5510,184,19,0.0715
5511,184,19,0.6499
5512,184,19,0.8598
5513,184,19,0.8188
5514,184,19,0.9088
5515,184,19,0.8489
5516,184,19,0.9196
5517,184,19,0.8095
6522,206,19,0.6450
6523,206,19,0.9632
6524,206,19,0.8491
6525,206,19,0.3770
6526,206,19,0.8050
6527,206,19,0.0698
6528,206,19,0.8191
6529,206,19,0.3470
6530,206,19,0.2556
6531,206,19,0.5928
5518,184,19,0.3842
5519,184,19,0.7043
6532,206,19,0.7958
6533,206,19,0.5677
6534,206,19,0.0530
6535,206,19,0.6815
6536,206,19,0.8430
6537,206,19,0.9837
6538,206,19,0.9904
6539,206,19,0.9938
6540,206,19,0.9932
6541,206,19,0.9932
5520,184,19,0.6857
5521,184,19,0.9741
5522,184,19,0.9444
5523,184,19,0.2510
5524,184,19,0.1988
5525,184,19,0.3735
5526,184,19,0.7252
5527,184,19,0.6214
5528,184,19,0.1213
5529,184,19,0.5667
6542,206,19,0.7320
6543,206,19,0.9241
6544,206,19,0.3953
6545,206,19,0.8336
6546,206,19,0.9451
6547,206,19,0.9180
6548,206,19,0.8523
6549,206,19,0.9228
6550,206,19,0.8524
6551,206,19,0.8222
5530,184,19,0.4160
5531,184,19,0.4610
5532,184,19,0.4542
5533,184,19,0.6754
5534,184,19,0.6781
5535,184,19,0.8036
5536,184,19,0.9455
5537,184,19,0.9726
5538,184,19,0.4182
5539,184,19,0.6451
5540,184,19,0.1978
5541,184,19,0.4139
5542,184,19,0.5943
5543,184,19,0.0878
5544,184,19,0.9313
5545,184,19,0.0841
5546,184,19,0.7838
5547,184,19,0.7801
5548,184,19,0.9567
5549,184,19,0.9806
5550,184,19,0.4189
5551,184,19,0.3154
5552,184,19,0.7314
5553,184,19,0.8388
5554,184,19,0.7999
5555,184,19,0.8966
5556,184,19,0.8964
5557,184,19,0.8913
5558,184,19,0.8665
5559,184,19,0.9058
5560,184,19,0.5386
5561,184,19,0.9363
5562,184,19,0.2624
5563,184,19,0.1370
5564,184,19,0.6290
5565,184,19,0.2468
5566,184,19,0.5192
5567,184,19,0.5102
5568,184,19,0.3714
5569,184,19,0.6842
5570,184,19,0.1938
5571,184,19,0.3243
5572,184,19,0.8008
5573,184,19,0.8952
5574,184,19,0.3812
5575,184,19,0.0582
5576,184,19,0.7552
5577,184,19,0.8908
5578,184,19,0.8624
5579,184,19,0.0432
5580,184,19,0.7760
5581,184,19,0.9713
5582,184,19,0.0398
5583,184,19,0.4122
5584,184,19,0.5277
5585,184,19,0.9532
5586,184,19,0.1361
5587,184,19,0.3913
5588,184,19,0.7438
5589,184,19,0.9550
5590,184,19,0.8035
5591,184,19,0.1995
5592,184,19,0.8330
5593,184,19,0.7663
5594,184,19,0.8964
5595,184,19,0.1721
5596,184,19,0.7836
5597,184,19,0.9334
5598,184,19,0.1062
5599,184,19,0.9105
5600,184,19,0.3871
5601,184,19,0.0436
5602,184,19,0.8446
5603,184,19,0.8512
5604,184,19,0.5940
5605,184,19,0.0766
5606,184,19,0.5508
5607,184,19,0.7119
5608,184,19,0.1717
5609,184,19,0.4186
5610,184,19,0.6603
5611,184,19,0.7437
5612,184,19,0.8520
5613,184,19,0.8868
5614,184,19,0.7691
5615,184,19,0.3934
5616,184,19,0.8388
5617,184,19,0.1337
5618,184,19,0.9296
5619,184,19,0.8263
5620,184,19,0.4309
5621,184,19,0.2752
5622,184,19,0.3268
5623,184,19,0.7949
5624,184,19,0.7186
5625,184,19,0.3080
5626,184,19,0.8268
5627,184,19,0.6278
5628,184,19,0.3417
5629,184,19,0.0591
5630,184,19,0.5673
5631,184,19,0.5506
5632,184,19,0.8666
5633,184,19,0.9787
5634,184,19,0.1530
5635,184,19,0.8791
5636,184,19,0.8749
5637,184,19,0.7629
5638,184,19,0.1641
5639,184,19,0.9655
5640,184,19,0.7924
5641,184,19,0.9835
5642,184,19,0.9397
5643,184,19,0.5144
5644,184,19,0.1745
5645,184,19,0.3023
5646,184,19,0.3356
5647,184,19,0.6376
5648,184,19,0.6182
5649,184,19,0.1643
5650,184,19,0.4595
5651,184,19,0.5280
5652,184,19,0.5714
5653,184,19,0.4564
5654,184,19,0.2832
5655,184,19,0.6150
5656,184,19,0.2099
5657,184,19,0.4317
5658,184,19,0.6490
5659,184,19,0.7333
5660,184,19,0.5955
5661,184,19,0.9426
5662,184,19,0.9803
5663,184,19,0.9860
5664,184,19,0.5025
5665,184,19,0.3288
5666,184,19,0.4082
5667,184,19,0.7284
5668,184,19,0.5955
5669,184,19,0.1773
5670,184,19,0.4799
5671,184,19,0.6742
5672,184,19,0.6800
5673,184,19,0.4096
5674,184,19,0.4400
5675,184,19,0.9360
5676,184,19,0.9561
5677,184,19,0.8427
5678,184,19,0.6928
5679,184,19,0.5925
5680,184,19,0.5780
5681,184,19,0.5096
5682,184,19,0.9845
5683,184,19,0.9874
5684,184,19,0.5163
5685,184,19,0.0941
5686,184,19,0.2790
5687,184,19,0.2919
5688,184,19,0.6546
5689,184,19,0.8310
5690,184,19,0.9698
5691,184,19,0.9836
5692,184,19,0.0337
5693,184,19,0.8925
5694,184,19,0.9862
5695,184,19,0.0373
5696,184,19,0.0951
5697,184,19,0.9026
5698,184,19,0.1896
5699,184,19,0.6689
5700,184,19,0.3037
5701,184,19,0.8226
5702,184,19,0.2857
5703,184,19,0.3583
5704,184,19,0.8185
5705,184,19,0.6216
5706,184,19,0.9332
5707,184,19,0.8558
5708,184,19,0.9639
5709,184,19,0.8026
5710,184,19,0.1149
5711,184,19,0.8054
5712,184,19,0.4276
5713,184,19,0.5666
5714,184,19,0.7310
5715,184,19,0.4068
5716,184,19,0.9667
5717,184,19,0.9868
5718,184,19,0.9911
5719,184,19,0.2633
5720,184,19,0.6702
5721,184,19,0.5822
5722,184,19,0.2860
5723,184,19,0.6900
5724,184,19,0.6200
5725,184,19,0.8446
5726,184,19,0.8259
5727,184,19,0.3527
5728,184,19,0.6672
5729,184,19,0.7644
5730,184,19,0.9711
5731,184,19,0.1376
5732,184,19,0.5678
5733,184,19,0.8698
5734,184,19,0.9455
5735,184,19,0.5954
5736,184,19,0.9216
5737,184,19,0.8812
5738,184,19,0.1626
5739,184,19,0.3241
5740,184,19,0.8356
5741,184,19,0.9767
5742,184,19,0.9893
5743,184,19,0.9938
5744,184,19,0.9949
5745,184,19,0.9930
5746,184,19,0.9948
5747,184,19,0.9952
5748,184,19,0.6659
5749,184,19,0.3029
5750,184,19,0.3831
5751,184,19,0.3985
5752,184,19,0.2595
5753,184,19,0.3095
5754,184,19,0.1834
5755,184,19,0.4139
5756,184,19,0.7398
5757,184,19,0.5388
5758,184,19,0.2969
5759,184,19,0.7530
5760,184,19,0.8485
5761,184,19,0.6747
5762,184,19,0.2886
5763,184,19,0.9698
5764,184,19,0.3115
5765,184,19,0.2091
5766,184,19,0.1676
5767,184,19,0.2797
5768,184,19,0.6410
5769,184,19,0.7057
5770,184,19,0.8971
5771,184,19,0.6119
5772,184,19,0.5615
5773,184,19,0.9166
5774,184,19,0.2188
5775,184,19,0.4052
5776,184,19,0.3105
5777,184,19,0.2324
5778,184,19,0.6679
5779,184,19,0.7119
5780,184,19,0.9175
5781,184,19,0.1605
5782,184,19,0.6333
5783,184,19,0.6282
5784,184,19,0.5789
5785,184,19,0.7387
5786,184,19,0.9057
5787,184,19,0.6811
5788,184,19,0.8980
5789,184,19,0.9243
5790,184,19,0.9657
5791,184,19,0.0927
5792,184,19,0.8967
5793,184,19,0.3078
5794,184,19,0.6759
5795,184,19,0.7716
5796,184,19,0.9470
5797,184,19,0.9780
5798,184,19,0.9847
5799,184,19,0.9863
5800,184,19,0.9883
5801,184,19,0.9421
5802,184,19,0.9030
5803,184,19,0.5867
5804,184,19,0.9068
5805,184,19,0.8437
5806,184,19,0.4491
5807,184,19,0.3356
5808,184,19,0.9027
5809,184,19,0.2808
5810,184,19,0.7465
5811,184,19,0.4073
5812,184,19,0.7688
5813,184,19,0.7523
5814,184,19,0.3232
5815,184,19,0.6534
5816,184,19,0.9359
5817,184,19,0.9460
5818,184,19,0.3326
5819,184,19,0.6520
5820,184,19,0.7777
5821,184,19,0.4370
5822,184,19,0.1239
5823,184,19,0.2459
5824,184,19,0.4952
5825,184,19,0.3739
5826,184,19,0.6664
5827,184,19,0.7856
5828,184,19,0.7736
5829,184,19,0.8709
5830,184,19,0.1641
5831,184,19,0.4145
5832,184,19,0.3503
5833,184,19,0.6675
5834,184,19,0.7646
5835,184,19,0.8964
5836,184,19,0.9620
5837,184,19,0.9868
5838,184,19,0.9882
5839,184,19,0.9875
5840,184,19,0.9844
5841,184,19,0.3604
5842,184,19,0.3863
5843,184,19,0.3705
5844,184,19,0.8813
5845,184,19,0.8429
5846,184,19,0.9867
5847,184,19,0.9807
5848,184,19,0.9870
5849,184,19,0.9831
5850,184,19,0.9889
5851,184,19,0.3463
5852,184,19,0.7510
5853,184,19,0.3340
5854,184,19,0.6743
5855,184,19,0.5812
5856,184,19,0.2462
5857,184,19,0.4728
5858,184,19,0.6320
5859,184,19,0.9407
5860,184,19,0.7139
5861,184,19,0.1258
5862,184,19,0.9306
5863,184,19,0.9353
5864,184,19,0.8649
5865,184,19,0.8473
5866,184,19,0.7863
5867,184,19,0.5323
5868,184,19,0.3692
5869,184,19,0.2845
5870,184,19,0.6961
5871,184,19,0.9363
5872,184,19,0.7574
5873,184,19,0.8403
5874,184,19,0.9511
5875,184,19,0.4782
5876,184,19,0.9508
5877,184,19,0.8992
5878,184,19,0.9635
5879,184,19,0.4199
5880,184,19,0.8834
5881,184,19,0.8802
5882,184,19,0.9702
5883,184,19,0.1767
5884,184,19,0.9472
