ID,User_ID,Bot_Strategy,Accuracy
0,4,59,0.9704
1,4,59,0.5381
2,4,59,0.9207
3,4,59,0.7779
4,4,59,0.7387
5,4,59,0.9732
6,4,59,0.9763
7,4,59,0.1602
8,4,59,0.8931
9,4,59,0.6102
20,7,59,0.8013
21,7,59,0.9396
22,7,59,0.5980
23,7,59,0.8468
24,7,59,0.3119
25,7,59,0.4743
26,7,59,0.9795
27,7,59,0.9664
28,7,59,0.9745
149,15,59,0.2229
150,15,59,0.6650
151,15,59,0.6787
152,15,59,0.9713
153,15,59,0.9492
154,15,59,0.9695
155,15,59,0.9639
156,15,59,0.7265
157,15,59,0.9721
245,22,59,0.7089
246,22,59,0.6535
247,22,59,0.8084
248,22,59,0.1025
249,22,59,0.7853
250,22,59,0.9161
251,22,59,0.9310
252,22,59,0.9785
253,22,59,0.8206
254,22,59,0.9179
10,4,19,0.8881
11,4,19,0.9278
12,4,19,0.9843
13,4,19,0.9318
14,4,19,0.9741
15,4,19,0.9814
16,4,19,0.9696
17,4,19,0.9541
18,4,19,0.0318
19,4,19,0.9244
29,7,19,0.5454
30,7,19,0.9764
31,7,19,0.6442
32,7,19,0.6217
33,7,19,0.7432
34,7,19,0.9005
35,7,19,0.0610
36,7,19,0.3622
37,7,19,0.9301
38,7,19,0.9836
158,15,19,0.8556
159,15,19,0.9729
160,15,19,0.9683
161,15,19,0.9371
162,15,19,0.3202
163,15,19,0.7663
164,15,19,0.9690
165,15,19,0.9263
255,22,59,0.8355
256,22,59,0.5203
257,22,59,0.2459
258,22,59,0.8424
259,22,59,0.9359
260,22,59,0.9850
261,22,59,0.9805
262,22,59,0.9614
39,7,19,0.9030
40,7,19,0.9754
41,7,19,0.4255
42,7,19,0.7655
43,7,19,0.4602
44,7,19,0.9070
45,7,19,0.1674
46,7,19,0.6730
47,7,19,0.3558
48,7,19,0.8162
166,15,19,0.1849
167,15,19,0.5529
168,15,19,0.9649
169,15,19,0.9718
170,15,19,0.9892
171,15,19,0.8571
172,15,19,0.2706
173,15,19,0.2546
174,15,19,0.2975
263,22,19,0.6444
264,22,19,0.5046
265,22,19,0.2981
266,22,19,0.3046
267,22,19,0.3692
268,22,19,0.7530
269,22,19,0.9062
270,22,19,0.2081
271,22,19,0.9328
272,22,19,0.8229
344,31,59,0.8991
345,31,59,0.8955
346,31,59,0.9881
347,31,59,0.5897
348,31,59,0.9827
349,31,59,0.9959
350,31,59,0.9735
351,31,59,0.8620
352,31,59,0.8024
353,31,59,0.6908
49,7,19,0.9091
50,7,19,0.9648
51,7,19,0.5949
52,7,19,0.8187
53,7,19,0.8907
54,7,19,0.9441
55,7,19,0.9687
56,7,19,0.9837
57,7,19,0.9848
58,7,19,0.9898
175,15,19,0.7649
176,15,19,0.9752
177,15,19,0.2010
178,15,19,0.6716
179,15,19,0.9739
180,15,19,0.1047
181,15,19,0.7963
182,15,19,0.6893
183,15,19,0.3634
184,15,19,0.1890
273,22,19,0.9132
274,22,19,0.9767
275,22,19,0.6874
276,22,19,0.6526
354,31,59,0.9794
355,31,59,0.3824
356,31,59,0.5876
357,31,59,0.8329
358,31,59,0.9767
359,31,59,0.9241
360,31,59,0.5393
361,31,59,0.0151
362,31,59,0.9813
59,7,19,0.1246
60,7,19,0.4253
61,7,19,0.7891
62,7,19,0.9540
63,7,19,0.9842
64,7,19,0.9890
65,7,19,0.9900
66,7,19,0.9917
67,7,19,0.9913
68,7,19,0.9907
185,15,19,0.9411
186,15,19,0.9222
187,15,19,0.8914
188,15,19,0.9764
189,15,19,0.9671
190,15,19,0.8513
191,15,19,0.1412
192,15,19,0.8714
193,15,19,0.0908
194,15,19,0.8870
277,22,19,0.8618
278,22,19,0.8346
279,22,19,0.8192
280,22,19,0.7846
281,22,19,0.7526
282,22,19,0.1914
363,31,59,0.4721
364,31,59,0.6636
365,31,59,0.9272
366,31,59,0.6773
367,31,59,0.4177
368,31,59,0.4863
369,31,59,0.0898
69,7,19,0.7891
70,7,19,0.1087
71,7,19,0.9653
72,7,19,0.9857
73,7,19,0.9952
74,7,19,0.9962
75,7,19,0.9968
76,7,19,0.9965
77,7,19,0.9969
78,7,19,0.9965
195,15,19,0.7419
196,15,19,0.8111
197,15,19,0.9218
198,15,19,0.6279
199,15,19,0.9725
200,15,19,0.9648
201,15,19,0.6365
202,15,19,0.5752
203,15,19,0.8787
204,15,19,0.9700
283,22,19,0.6668
284,22,19,0.6877
285,22,19,0.3385
286,22,19,0.8893
287,22,19,0.4174
288,22,19,0.1437
289,22,19,0.8625
290,22,19,0.8274
291,22,19,0.7115
292,22,19,0.0401
370,31,59,0.8707
371,31,59,0.9040
372,31,59,0.7663
373,31,59,0.9515
374,31,59,0.9531
375,31,59,0.9711
376,31,59,0.7609
377,31,59,0.6874
378,31,59,0.4756
379,31,59,0.9611
79,7,19,0.7635
80,7,19,0.5888
81,7,19,0.9320
82,7,19,0.9619
83,7,19,0.9601
84,7,19,0.9864
85,7,19,0.9890
86,7,19,0.9918
87,7,19,0.9953
88,7,19,0.9956
205,15,19,0.6365
206,15,19,0.9196
207,15,19,0.8178
208,15,19,0.9811
209,15,19,0.8998
210,15,19,0.5153
211,15,19,0.1121
212,15,19,0.0574
213,15,19,0.7073
214,15,19,0.8606
293,22,19,0.1687
294,22,19,0.5194
380,31,19,0.3586
381,31,19,0.3192
382,31,19,0.4167
383,31,19,0.6811
89,7,19,0.8463
90,7,19,0.9204
91,7,19,0.8755
92,7,19,0.9677
93,7,19,0.9910
94,7,19,0.9925
95,7,19,0.9941
96,7,19,0.9932
97,7,19,0.9930
98,7,19,0.9939
215,15,19,0.5468
216,15,19,0.4144
217,15,19,0.7324
218,15,19,0.8104
219,15,19,0.9287
220,15,19,0.9682
221,15,19,0.9905
222,15,19,0.9907
223,15,19,0.9902
224,15,19,0.9893
295,22,19,0.8528
296,22,19,0.5630
297,22,19,0.9764
298,22,19,0.4390
299,22,19,0.9656
300,22,19,0.9426
301,22,19,0.9669
302,22,19,0.9752
303,22,19,0.5411
304,22,19,0.9612
384,31,19,0.6498
385,31,19,0.8915
386,31,19,0.9663
387,31,19,0.9583
388,31,19,0.7035
389,31,19,0.9960
390,31,19,0.9630
391,31,19,0.9849
392,31,19,0.7832
393,31,19,0.6952
99,7,19,0.0891
100,7,19,0.6364
101,7,19,0.7616
102,7,19,0.8658
103,7,19,0.9572
104,7,19,0.9722
105,7,19,0.9872
106,7,19,0.9903
107,7,19,0.9904
108,7,19,0.9925
225,15,19,0.0906
226,15,19,0.4122
227,15,19,0.4791
228,15,19,0.6528
229,15,19,0.8484
230,15,19,0.9313
231,15,19,0.6900
232,15,19,0.8271
233,15,19,0.9432
234,15,19,0.9331
305,22,19,0.9224
306,22,19,0.7509
307,22,19,0.9569
308,22,19,0.5998
394,33,59,0.9406
395,33,59,0.6088
396,33,59,0.9769
397,33,59,0.9591
398,33,59,0.7107
399,33,59,0.9795
400,33,59,0.3055
401,33,59,0.1916
402,33,59,0.3125
109,7,19,0.8046
110,7,19,0.7079
111,7,19,0.8232
112,7,19,0.1464
113,7,19,0.4253
114,7,19,0.4964
115,7,19,0.9742
116,7,19,0.9923
117,7,19,0.9912
118,7,19,0.9921
235,15,19,0.9378
236,15,19,0.9467
237,15,19,0.8886
238,15,19,0.9930
239,15,19,0.9602
240,15,19,0.5219
241,15,19,0.1578
242,15,19,0.9122
243,15,19,0.9564
244,15,19,0.7185
309,22,19,0.8004
310,22,19,0.8597
311,22,19,0.8816
312,22,19,0.7849
313,22,19,0.9151
314,22,19,0.6962
315,22,19,0.5581
316,22,19,0.7732
317,22,19,0.5004
318,22,19,0.9628
403,33,59,0.9008
404,33,59,0.9500
405,33,59,0.9656
406,33,59,0.1824
407,33,59,0.3959
119,7,19,0.8452
120,7,19,0.4811
121,7,19,0.3879
122,7,19,0.5523
123,7,19,0.9622
124,7,19,0.4130
125,7,19,0.9647
126,7,19,0.9523
127,7,19,0.7966
128,7,19,0.9608
319,22,19,0.8963
320,22,19,0.3834
321,22,19,0.5814
322,22,19,0.6502
323,22,19,0.7395
324,22,19,0.4745
325,22,19,0.2044
408,33,59,0.9245
409,33,59,0.9456
410,33,59,0.9536
411,33,59,0.7413
412,33,59,0.9235
413,33,59,0.8876
414,33,59,0.5582
415,33,59,0.1795
416,33,59,0.9735
417,33,59,0.8007
457,37,59,0.7713
458,37,59,0.9173
459,37,59,0.7761
460,37,59,0.4090
461,37,59,0.6616
462,37,59,0.9624
463,37,59,0.8635
464,37,59,0.8414
465,37,59,0.9557
466,37,59,0.7621
129,7,19,0.9528
130,7,19,0.4755
131,7,19,0.4081
132,7,19,0.8024
133,7,19,0.8461
134,7,19,0.9684
135,7,19,0.9016
136,7,19,0.6797
137,7,19,0.9848
138,7,19,0.9929
326,22,19,0.8628
327,22,19,0.9238
328,22,19,0.9330
329,22,19,0.8343
330,22,19,0.7052
331,22,19,0.1129
332,22,19,0.1266
333,22,19,0.3203
418,33,19,0.9093
419,33,19,0.9595
420,33,19,0.9611
421,33,19,0.1900
422,33,19,0.7037
423,33,19,0.8136
424,33,19,0.2832
425,33,19,0.9720
426,33,19,0.8328
467,37,59,0.9477
468,37,59,0.8178
469,37,59,0.2750
139,7,19,0.7867
140,7,19,0.9849
141,7,19,0.9431
142,7,19,0.9803
143,7,19,0.9892
144,7,19,0.9947
145,7,19,0.9960
146,7,19,0.9967
147,7,19,0.9969
148,7,19,0.8951
334,22,19,0.9070
335,22,19,0.9477
336,22,19,0.9823
337,22,19,0.6670
338,22,19,0.9873
339,22,19,0.4862
340,22,19,0.9642
341,22,19,0.9506
342,22,19,0.9740
343,22,19,0.9713
427,33,19,0.8600
428,33,19,0.9007
429,33,19,0.9787
430,33,19,0.8319
431,33,19,0.9804
432,33,19,0.9457
433,33,19,0.3596
434,33,19,0.0325
435,33,19,0.5017
470,37,59,0.8564
471,37,59,0.0611
472,37,59,0.9287
473,37,59,0.7035
474,37,59,0.1861
475,37,59,0.7876
476,37,59,0.8004
477,37,59,0.8705
478,37,59,0.8572
479,37,59,0.7319
436,33,19,0.8141
437,33,19,0.9805
438,33,19,0.4177
439,33,19,0.6200
440,33,19,0.2790
441,33,19,0.5693
442,33,19,0.2278
443,33,19,0.9544
444,33,19,0.8322
445,33,19,0.3863
480,37,59,0.8521
481,37,59,0.9766
482,37,59,0.5569
483,37,59,0.3338
484,37,59,0.6723
567,38,59,0.9319
568,38,59,0.0321
569,38,59,0.9981
570,38,59,0.2758
571,38,59,0.8569
572,38,59,0.6713
573,38,59,0.1353
604,43,59,0.9233
605,43,59,0.8554
606,43,59,0.6209
607,43,59,0.5225
608,43,59,0.3530
609,43,59,0.8627
610,43,59,0.2826
611,43,59,0.7582
612,43,59,0.7508
613,43,59,0.8918
446,33,19,0.6254
447,33,19,0.9196
448,33,19,0.9340
449,33,19,0.9448
450,33,19,0.8033
451,33,19,0.9719
452,33,19,0.9485
453,33,19,0.9718
454,33,19,0.9680
455,33,19,0.7178
485,37,59,0.8712
486,37,59,0.6870
487,37,59,0.6328
488,37,59,0.7171
489,37,59,0.9512
490,37,59,0.9694
491,37,59,0.9940
492,37,59,0.9189
493,37,59,0.7307
494,37,59,0.9698
574,38,59,0.8138
575,38,59,0.9660
576,38,59,0.9730
577,38,59,0.8253
578,38,59,0.8296
579,38,59,0.9746
580,38,59,0.1960
581,38,59,0.7299
582,38,59,0.9590
583,38,59,0.0326
614,43,59,0.8965
615,43,59,0.5397
616,43,59,0.6876
617,43,59,0.9756
618,43,59,0.8641
619,43,59,0.5666
620,43,59,0.4366
621,43,59,0.4518
622,43,59,0.3128
623,43,59,0.4425
456,33,19,0.2975
495,37,19,0.5201
496,37,19,0.6817
497,37,19,0.5961
498,37,19,0.9080
499,37,19,0.4396
500,37,19,0.9153
501,37,19,0.9836
502,37,19,0.7201
503,37,19,0.4775
504,37,19,0.7248
584,38,59,0.9913
585,38,59,0.9814
586,38,59,0.9626
587,38,59,0.6960
588,38,59,0.6569
589,38,59,0.5761
590,38,59,0.5701
591,38,59,0.9792
592,38,59,0.9522
593,38,59,0.9527
624,43,59,0.9321
625,43,59,0.7649
626,43,59,0.7887
627,43,59,0.3718
628,43,59,0.6536
629,43,59,0.7340
630,43,59,0.0536
631,43,59,0.8424
632,43,59,0.8503
633,43,59,0.9564
505,37,19,0.8303
506,37,19,0.9823
507,37,19,0.9966
508,37,19,0.3797
509,37,19,0.2480
510,37,19,0.7964
594,38,19,0.7343
595,38,19,0.0339
596,38,19,0.2290
597,38,19,0.7146
598,38,19,0.0592
599,38,19,0.5708
600,38,19,0.7731
601,38,19,0.5386
602,38,19,0.4130
603,38,19,0.5716
634,43,59,0.8370
635,43,59,0.9466
636,43,59,0.7531
637,43,59,0.9484
638,43,59,0.9572
639,43,59,0.9267
640,43,59,0.7579
641,43,59,0.9763
642,43,59,0.0254
643,43,59,0.8683
782,46,59,0.1770
783,46,59,0.4480
784,46,59,0.7215
785,46,59,0.9522
786,46,59,0.3135
787,46,59,0.9482
788,46,59,0.4058
789,46,59,0.8408
790,46,59,0.9710
791,46,59,0.9774
511,37,19,0.3145
512,37,19,0.6100
644,43,59,0.9919
645,43,59,0.9556
646,43,59,0.7979
647,43,59,0.9557
648,43,59,0.3820
649,43,59,0.4130
650,43,59,0.9067
651,43,59,0.9347
652,43,59,0.0234
653,43,59,0.8910
792,46,59,0.9560
793,46,59,0.9832
794,46,59,0.5381
795,46,59,0.5006
796,46,59,0.9645
797,46,59,0.9703
798,46,59,0.9867
799,46,59,0.2581
800,46,59,0.6650
801,46,59,0.9286
842,47,59,0.9281
843,47,59,0.8180
844,47,59,0.9859
845,47,59,0.9846
846,47,59,0.9731
847,47,59,0.7022
848,47,59,0.1378
849,47,59,0.8476
850,47,59,0.8672
851,47,59,0.0259
513,37,19,0.8021
514,37,19,0.9727
515,37,19,0.9664
516,37,19,0.8027
517,37,19,0.6686
518,37,19,0.1462
519,37,19,0.2771
654,43,59,0.5659
655,43,59,0.9894
656,43,59,0.9294
657,43,59,0.9313
658,43,59,0.9877
659,43,59,0.9728
660,43,59,0.0934
661,43,59,0.5582
662,43,59,0.9285
663,43,59,0.8580
802,46,59,0.9207
803,46,59,0.0755
804,46,59,0.9419
805,46,59,0.9102
806,46,59,0.9369
807,46,59,0.8303
808,46,59,0.9520
809,46,59,0.9648
810,46,59,0.9677
811,46,59,0.7231
852,47,59,0.5366
853,47,59,0.9422
854,47,59,0.9440
855,47,59,0.6310
856,47,59,0.9623
857,47,59,0.9601
858,47,59,0.8113
520,37,19,0.7934
521,37,19,0.5912
522,37,19,0.8628
664,43,59,0.9965
665,43,59,0.3202
666,43,59,0.8936
667,43,59,0.9165
668,43,59,0.8581
669,43,59,0.8795
670,43,59,0.4746
671,43,59,0.1620
672,43,59,0.8021
673,43,59,0.6524
812,46,59,0.9022
813,46,59,0.9448
814,46,59,0.9209
815,46,59,0.4948
816,46,59,0.1272
817,46,59,0.7594
818,46,59,0.9776
819,46,59,0.8301
820,46,59,0.1284
821,46,59,0.9138
859,47,59,0.8550
860,47,59,0.9240
861,47,59,0.9826
862,47,59,0.5939
863,47,59,0.6170
864,47,59,0.9045
865,47,59,0.0488
866,47,59,0.8663
867,47,59,0.8881
868,47,59,0.9748
523,37,19,0.3989
524,37,19,0.9702
525,37,19,0.9419
526,37,19,0.4242
527,37,19,0.6407
528,37,19,0.7267
529,37,19,0.3871
674,43,59,0.9343
675,43,59,0.3388
676,43,59,0.3942
677,43,59,0.2287
678,43,59,0.8846
679,43,59,0.6518
680,43,59,0.4739
681,43,59,0.9162
682,43,59,0.9751
683,43,59,0.9896
822,46,19,0.8616
823,46,19,0.7086
824,46,19,0.9643
825,46,19,0.3713
826,46,19,0.9731
827,46,19,0.4631
828,46,19,0.9497
829,46,19,0.9922
830,46,19,0.2366
831,46,19,0.7333
869,47,59,0.2940
870,47,59,0.9274
871,47,59,0.7356
872,47,59,0.3550
873,47,59,0.5579
874,47,59,0.6236
875,47,59,0.9449
876,47,59,0.9724
877,47,59,0.9739
530,37,19,0.7794
531,37,19,0.9242
532,37,19,0.0434
533,37,19,0.7285
534,37,19,0.0792
535,37,19,0.3432
536,37,19,0.7474
537,37,19,0.9294
538,37,19,0.9413
539,37,19,0.9761
684,43,59,0.8545
685,43,59,0.9574
686,43,59,0.4460
687,43,59,0.5429
688,43,59,0.4010
689,43,59,0.5984
690,43,59,0.9676
691,43,59,0.3486
692,43,59,0.0651
693,43,59,0.6562
832,46,19,0.6470
833,46,19,0.3221
834,46,19,0.9340
835,46,19,0.7773
836,46,19,0.9013
837,46,19,0.9778
838,46,19,0.9682
839,46,19,0.9763
840,46,19,0.9616
841,46,19,0.7838
878,47,19,0.7677
879,47,19,0.4764
880,47,19,0.8830
881,47,19,0.9089
882,47,19,0.8600
883,47,19,0.9745
884,47,19,0.9660
885,47,19,0.4004
540,37,19,0.3338
541,37,19,0.6305
542,37,19,0.2761
694,43,59,0.9531
695,43,59,0.9681
696,43,59,0.9888
697,43,59,0.8076
698,43,59,0.9135
699,43,59,0.5491
700,43,59,0.9800
701,43,59,0.6287
702,43,59,0.3985
703,43,59,0.1175
886,47,19,0.8858
887,47,19,0.9600
888,47,19,0.9838
889,47,19,0.2435
890,47,19,0.7750
891,47,19,0.1897
892,47,19,0.9523
893,47,19,0.3484
894,47,19,0.3070
944,50,59,0.9232
945,50,59,0.9217
946,50,59,0.9296
947,50,59,0.6966
948,50,59,0.9504
949,50,59,0.0462
950,50,59,0.7404
951,50,59,0.9548
543,37,19,0.9313
544,37,19,0.9311
545,37,19,0.3503
546,37,19,0.5125
547,37,19,0.2582
704,43,59,0.8359
705,43,59,0.9768
706,43,59,0.9527
707,43,59,0.9816
708,43,59,0.9967
709,43,59,0.9664
710,43,59,0.8946
711,43,59,0.1313
895,47,19,0.0576
896,47,19,0.8162
952,50,59,0.3878
953,50,59,0.9361
954,50,59,0.5021
955,50,59,0.6452
956,50,59,0.9647
957,50,59,0.9586
548,37,19,0.6876
549,37,19,0.5042
550,37,19,0.4532
551,37,19,0.3127
552,37,19,0.7858
553,37,19,0.8413
554,37,19,0.2756
555,37,19,0.4672
556,37,19,0.2199
712,43,19,0.3902
713,43,19,0.7868
714,43,19,0.3324
715,43,19,0.6141
716,43,19,0.2976
717,43,19,0.7918
718,43,19,0.2778
719,43,19,0.9080
720,43,19,0.9817
721,43,19,0.9929
897,47,19,0.8834
898,47,19,0.7703
899,47,19,0.9858
900,47,19,0.9480
901,47,19,0.8449
902,47,19,0.3789
903,47,19,0.8457
958,50,59,0.6229
959,50,59,0.9658
960,50,59,0.9642
961,50,59,0.8469
962,50,59,0.6555
963,50,59,0.9659
964,50,59,0.9751
965,50,59,0.9796
966,50,59,0.2032
967,50,59,0.9225
557,37,19,0.6926
558,37,19,0.9632
559,37,19,0.9704
560,37,19,0.8139
561,37,19,0.6521
562,37,19,0.9631
563,37,19,0.8323
564,37,19,0.9560
565,37,19,0.9744
566,37,19,0.8540
722,43,19,0.8759
723,43,19,0.3726
724,43,19,0.7865
725,43,19,0.6131
726,43,19,0.8093
727,43,19,0.8215
728,43,19,0.7670
729,43,19,0.0689
730,43,19,0.7785
731,43,19,0.9078
904,47,19,0.8228
905,47,19,0.6626
906,47,19,0.9445
907,47,19,0.9133
908,47,19,0.7468
909,47,19,0.5220
910,47,19,0.7098
911,47,19,0.7626
912,47,19,0.4065
913,47,19,0.4002
968,50,59,0.8897
969,50,59,0.4239
970,50,59,0.6767
971,50,59,0.8593
972,50,59,0.7328
973,50,59,0.3357
974,50,59,0.9679
975,50,59,0.9331
976,50,59,0.9629
977,50,59,0.2953
732,43,19,0.8843
733,43,19,0.8308
734,43,19,0.9409
735,43,19,0.8160
736,43,19,0.7031
737,43,19,0.9830
738,43,19,0.9763
739,43,19,0.7440
740,43,19,0.9755
741,43,19,0.9506
914,47,19,0.8511
915,47,19,0.5889
916,47,19,0.5875
978,50,59,0.8472
979,50,59,0.8971
980,50,59,0.3443
981,50,59,0.9033
982,50,59,0.8797
983,50,59,0.3430
984,50,59,0.7738
985,50,59,0.9791
986,50,59,0.9395
987,50,59,0.5275
1045,51,59,0.6299
1046,51,59,0.3565
1047,51,59,0.6863
1048,51,59,0.9519
1049,51,59,0.9572
1050,51,59,0.1726
1051,51,59,0.9871
1052,51,59,0.8749
1053,51,59,0.9900
1054,51,59,0.9499
742,43,19,0.5866
743,43,19,0.9761
744,43,19,0.8231
745,43,19,0.1449
746,43,19,0.1433
747,43,19,0.1681
748,43,19,0.7552
749,43,19,0.9695
750,43,19,0.0183
751,43,19,0.7008
917,47,19,0.1776
918,47,19,0.7225
988,50,59,0.9228
989,50,59,0.5525
990,50,59,0.3545
991,50,59,0.9074
992,50,59,0.3387
993,50,59,0.5281
994,50,59,0.6393
995,50,59,0.7317
996,50,59,0.2332
1055,51,59,0.0463
1056,51,59,0.2714
1057,51,59,0.9539
1058,51,59,0.8118
1059,51,59,0.8136
1060,51,59,0.8279
1061,51,59,0.7926
1062,51,59,0.9805
1063,51,59,0.9765
752,43,19,0.3574
753,43,19,0.5664
754,43,19,0.6117
755,43,19,0.6008
756,43,19,0.6483
757,43,19,0.6843
758,43,19,0.9505
759,43,19,0.9257
760,43,19,0.9814
761,43,19,0.8606
919,47,19,0.9035
920,47,19,0.8233
921,47,19,0.9712
922,47,19,0.7693
923,47,19,0.7030
924,47,19,0.1636
997,50,59,0.6241
998,50,59,0.8784
999,50,59,0.6979
1000,50,59,0.9810
1001,50,59,0.8349
1002,50,59,0.9005
1003,50,59,0.9782
1004,50,59,0.2067
1005,50,59,0.9777
1006,50,59,0.9729
1064,51,19,0.8807
1065,51,19,0.7443
1066,51,19,0.9725
1067,51,19,0.8830
1068,51,19,0.6254
1069,51,19,0.9781
1070,51,19,0.8539
1071,51,19,0.6796
1072,51,19,0.7954
1073,51,19,0.7052
762,43,19,0.5628
763,43,19,0.7171
764,43,19,0.6661
765,43,19,0.8164
766,43,19,0.5448
767,43,19,0.2904
768,43,19,0.9375
769,43,19,0.9714
770,43,19,0.9484
771,43,19,0.2470
925,47,19,0.8120
926,47,19,0.9717
927,47,19,0.4368
928,47,19,0.7920
929,47,19,0.2849
930,47,19,0.6912
1007,50,59,0.7784
1008,50,59,0.8886
1009,50,59,0.3809
1010,50,59,0.8402
1011,50,59,0.9811
1012,50,59,0.9803
1013,50,59,0.1869
1014,50,59,0.9395
1015,50,59,0.9768
1074,51,19,0.4730
1075,51,19,0.4858
1076,51,19,0.1498
1077,51,19,0.7758
1078,51,19,0.8434
1079,51,19,0.9612
1080,51,19,0.9816
1081,51,19,0.5361
1082,51,19,0.4026
1083,51,19,0.1100
772,43,19,0.5957
773,43,19,0.6322
774,43,19,0.3495
775,43,19,0.9620
776,43,19,0.6690
777,43,19,0.9786
778,43,19,0.8415
779,43,19,0.7456
780,43,19,0.9839
781,43,19,0.9022
931,47,19,0.7602
932,47,19,0.4321
933,47,19,0.2388
1016,50,19,0.8108
1017,50,19,0.7116
1018,50,19,0.2469
1019,50,19,0.5662
1020,50,19,0.3046
1084,51,19,0.8315
1085,51,19,0.9359
1086,51,19,0.9753
1087,51,19,0.8179
1088,51,19,0.8981
1089,51,19,0.9373
1090,51,19,0.9784
1091,51,19,0.2218
1092,51,19,0.7887
1093,51,19,0.9739
934,47,19,0.8643
935,47,19,0.9736
936,47,19,0.9321
937,47,19,0.6683
938,47,19,0.7925
939,47,19,0.7109
940,47,19,0.2698
941,47,19,0.9716
942,47,19,0.2686
943,47,19,0.9437
1021,50,19,0.7236
1022,50,19,0.1196
1023,50,19,0.2884
1024,50,19,0.8206
1025,50,19,0.6554
1026,50,19,0.7346
1094,51,19,0.9252
1095,51,19,0.9754
1096,51,19,0.9490
1097,51,19,0.6454
1098,51,19,0.2054
1099,51,19,0.6219
1100,51,19,0.4652
1101,51,19,0.8453
1102,51,19,0.9270
1103,51,19,0.3113
1137,52,59,0.7289
1138,52,59,0.9547
1139,52,59,0.9523
1027,50,19,0.8895
1028,50,19,0.8671
1029,50,19,0.6830
1030,50,19,0.9729
1031,50,19,0.4407
1032,50,19,0.8849
1104,51,19,0.6104
1105,51,19,0.8085
1106,51,19,0.9710
1107,51,19,0.6037
1108,51,19,0.8845
1109,51,19,0.7148
1110,51,19,0.9661
1111,51,19,0.7931
1112,51,19,0.6692
1113,51,19,0.9902
1140,52,59,0.9569
1141,52,59,0.6201
1142,52,59,0.2650
1143,52,59,0.5625
1144,52,59,0.3377
1145,52,59,0.5668
1146,52,59,0.7816
1147,52,59,0.7848
1148,52,59,0.8207
1149,52,59,0.9814
1243,58,59,0.9330
1244,58,59,0.8799
1245,58,59,0.9781
1246,58,59,0.9891
1247,58,59,0.8208
1248,58,59,0.9301
1249,58,59,0.5974
1250,58,59,0.4881
1251,58,59,0.9089
1252,58,59,0.8644
1033,50,19,0.7173
1034,50,19,0.8472
1035,50,19,0.8152
1036,50,19,0.9530
1037,50,19,0.4356
1038,50,19,0.9777
1039,50,19,0.7644
1040,50,19,0.5156
1041,50,19,0.9434
1042,50,19,0.9830
1114,51,19,0.8344
1115,51,19,0.9348
1116,51,19,0.0850
1117,51,19,0.7327
1118,51,19,0.7962
1119,51,19,0.8944
1120,51,19,0.9611
1121,51,19,0.9630
1122,51,19,0.8126
1123,51,19,0.9730
1150,52,59,0.2363
1151,52,59,0.9426
1253,58,19,0.6202
1254,58,19,0.2585
1255,58,19,0.8789
1256,58,19,0.1787
1257,58,19,0.3091
1258,58,19,0.2691
1259,58,19,0.4310
1260,58,19,0.3269
1261,58,19,0.9652
1262,58,19,0.8647
1043,50,19,0.5471
1124,51,19,0.7389
1152,52,59,0.5838
1153,52,59,0.6998
1154,52,59,0.3440
1155,52,59,0.9517
1156,52,59,0.1629
1157,52,59,0.7485
1158,52,59,0.8165
1159,52,59,0.9228
1160,52,59,0.8654
1161,52,59,0.9696
1263,58,19,0.7983
1264,58,19,0.3930
1265,58,19,0.8727
1266,58,19,0.3256
1267,58,19,0.5868
1268,58,19,0.8238
1269,58,19,0.9887
1270,58,19,0.9935
1271,58,19,0.9952
1272,58,19,0.9946
1044,50,19,0.7417
1125,51,19,0.3284
1126,51,19,0.6917
1162,52,59,0.6386
1163,52,59,0.6843
1164,52,59,0.8380
1165,52,59,0.8975
1273,58,19,0.3801
1274,58,19,0.3135
1275,58,19,0.4656
1276,58,19,0.8462
1277,58,19,0.3166
1278,58,19,0.9629
1279,58,19,0.9136
1280,58,19,0.9765
1281,58,19,0.0762
1282,58,19,0.9513
1127,51,19,0.6801
1128,51,19,0.9672
1129,51,19,0.8883
1130,51,19,0.6489
1131,51,19,0.9820
1132,51,19,0.0547
1133,51,19,0.9245
1134,51,19,0.7783
1135,51,19,0.5730
1136,51,19,0.9456
1166,52,59,0.5518
1167,52,59,0.9450
1283,58,19,0.4167
1284,58,19,0.5313
1285,58,19,0.9113
1286,58,19,0.1011
1287,58,19,0.7060
1288,58,19,0.8691
1289,58,19,0.1002
1290,58,19,0.3304
1291,58,19,0.4151
1292,58,19,0.8819
1323,63,59,0.0670
1324,63,59,0.7011
1168,52,59,0.4698
1169,52,59,0.3406
1170,52,59,0.9034
1293,58,19,0.3084
1294,58,19,0.7613
1295,58,19,0.3050
1296,58,19,0.8666
1297,58,19,0.7546
1298,58,19,0.9004
1299,58,19,0.4462
1300,58,19,0.4764
1301,58,19,0.5218
1302,58,19,0.7100
1325,63,59,0.7790
1326,63,59,0.6092
1327,63,59,0.0694
1378,67,59,0.9229
1379,67,59,0.9406
1380,67,59,0.8352
1381,67,59,0.9870
1382,67,59,0.0141
1383,67,59,0.9817
1384,67,59,0.0335
1171,52,59,0.9110
1172,52,59,0.7791
1173,52,59,0.6750
1174,52,59,0.8982
1175,52,59,0.1417
1176,52,59,0.9574
1177,52,59,0.9545
1178,52,59,0.9826
1179,52,59,0.9328
1180,52,59,0.3224
1303,58,19,0.7211
1304,58,19,0.3286
1305,58,19,0.4104
1306,58,19,0.8286
1307,58,19,0.9855
1308,58,19,0.9925
1309,58,19,0.9932
1310,58,19,0.9940
1311,58,19,0.9936
1312,58,19,0.9921
1328,63,59,0.8857
1329,63,59,0.9714
1330,63,59,0.9657
1331,63,59,0.8256
1332,63,59,0.9275
1333,63,59,0.9692
1334,63,59,0.9967
1335,63,59,0.0984
1336,63,59,0.9278
1385,67,59,0.3899
1386,67,59,0.3268
1387,67,59,0.8972
1388,67,59,0.9144
1389,67,59,0.9700
1390,67,59,0.8878
1391,67,59,0.7755
1392,67,59,0.9286
1393,67,59,0.9304
1394,67,59,0.7766
1181,52,59,0.8832
1182,52,59,0.7864
1183,52,59,0.4944
1184,52,59,0.3323
1185,52,59,0.7027
1186,52,59,0.7319
1187,52,59,0.4711
1188,52,59,0.2844
1189,52,59,0.5792
1313,58,19,0.7853
1314,58,19,0.9412
1315,58,19,0.2963
1316,58,19,0.5254
1317,58,19,0.9780
1318,58,19,0.9852
1319,58,19,0.7251
1320,58,19,0.7680
1321,58,19,0.0696
1322,58,19,0.8289
1337,63,59,0.9195
1338,63,59,0.7858
1339,63,59,0.9081
1340,63,59,0.9591
1341,63,59,0.9761
1342,63,59,0.2612
1343,63,59,0.9918
1344,63,59,0.9801
1345,63,59,0.0417
1346,63,59,0.1003
1395,67,59,0.3584
1396,67,59,0.8019
1397,67,59,0.9828
1398,67,59,0.0217
1399,67,59,0.9608
1400,67,59,0.4167
1401,67,59,0.9258
1402,67,59,0.5936
1403,67,59,0.8348
1404,67,59,0.6791
1190,52,59,0.7421
1191,52,59,0.4041
1192,52,59,0.2091
1193,52,59,0.7740
1194,52,59,0.9044
1195,52,59,0.9544
1196,52,59,0.8390
1197,52,59,0.9573
1198,52,59,0.9761
1199,52,59,0.9657
1347,63,19,0.7011
1348,63,19,0.7599
1405,67,19,0.8310
1406,67,19,0.9588
1407,67,19,0.6762
1408,67,19,0.8995
1409,67,19,0.9615
1410,67,19,0.8242
1411,67,19,0.0773
1412,67,19,0.0444
1413,67,19,0.8605
1414,67,19,0.1341
1574,69,59,0.9328
1575,69,59,0.6724
1576,69,59,0.2185
1577,69,59,0.9101
1578,69,59,0.6434
1579,69,59,0.9385
1580,69,59,0.7996
1581,69,59,0.9513
1582,69,59,0.9569
1583,69,59,0.0471
1200,52,59,0.2381
1201,52,59,0.8922
1349,63,19,0.9158
1350,63,19,0.4543
1351,63,19,0.5458
1415,67,19,0.6429
1416,67,19,0.9444
1417,67,19,0.8128
1418,67,19,0.9620
1419,67,19,0.8692
1420,67,19,0.3799
1421,67,19,0.7949
1422,67,19,0.7640
1423,67,19,0.0287
1424,67,19,0.5171
1584,69,59,0.8901
1585,69,59,0.9382
1586,69,59,0.6629
1587,69,59,0.9314
1588,69,59,0.9477
1589,69,59,0.8198
1590,69,59,0.9744
1591,69,59,0.9874
1592,69,59,0.9102
1593,69,59,0.5225
1202,52,59,0.9472
1203,52,59,0.8647
1204,52,59,0.9473
1205,52,59,0.9227
1206,52,59,0.7173
1352,63,19,0.8433
1353,63,19,0.9212
1354,63,19,0.9574
1355,63,19,0.1796
1356,63,19,0.5811
1357,63,19,0.9262
1358,63,19,0.9687
1359,63,19,0.7621
1360,63,19,0.7740
1425,67,19,0.8446
1426,67,19,0.7954
1427,67,19,0.5936
1428,67,19,0.8324
1429,67,19,0.8772
1430,67,19,0.1765
1431,67,19,0.3091
1432,67,19,0.2536
1433,67,19,0.4826
1434,67,19,0.6381
1594,69,59,0.9926
1595,69,59,0.9602
1596,69,59,0.9820
1597,69,59,0.7195
1598,69,59,0.3324
1599,69,59,0.6392
1600,69,59,0.4079
1601,69,59,0.8667
1602,69,59,0.9896
1603,69,59,0.9930
1207,52,59,0.6601
1208,52,59,0.8866
1361,63,19,0.8847
1362,63,19,0.7012
1363,63,19,0.4921
1364,63,19,0.2710
1435,67,19,0.3187
1436,67,19,0.2609
1437,67,19,0.7720
1438,67,19,0.5424
1604,69,59,0.8142
1605,69,59,0.3846
1606,69,59,0.3444
1607,69,59,0.4250
1608,69,59,0.9089
1609,69,59,0.9466
1610,69,59,0.9709
1611,69,59,0.9527
1612,69,59,0.9817
1613,69,59,0.1076
1209,52,59,0.3135
1210,52,59,0.9638
1211,52,59,0.0872
1212,52,59,0.8995
1213,52,59,0.9134
1214,52,59,0.4727
1215,52,59,0.8526
1216,52,59,0.5456
1217,52,59,0.0681
1365,63,19,0.7576
1366,63,19,0.7126
1367,63,19,0.2762
1439,67,19,0.5141
1440,67,19,0.6575
1441,67,19,0.2740
1442,67,19,0.7003
1443,67,19,0.8761
1444,67,19,0.3555
1445,67,19,0.6003
1446,67,19,0.6763
1447,67,19,0.8111
1614,69,59,0.7465
1615,69,59,0.9203
1616,69,59,0.9411
1617,69,59,0.9462
1618,69,59,0.9220
1619,69,59,0.8450
1620,69,59,0.9145
1621,69,59,0.7305
1622,69,59,0.9568
1623,69,59,0.9726
1218,52,19,0.9236
1219,52,19,0.2649
1220,52,19,0.1666
1221,52,19,0.8188
1222,52,19,0.6623
1368,63,19,0.5827
1369,63,19,0.6491
1370,63,19,0.9551
1371,63,19,0.7906
1372,63,19,0.6891
1373,63,19,0.9791
1374,63,19,0.0245
1375,63,19,0.9316
1376,63,19,0.0367
1377,63,19,0.9377
1448,67,19,0.7667
1449,67,19,0.5949
1450,67,19,0.7790
1451,67,19,0.9657
1452,67,19,0.7988
1453,67,19,0.9390
1454,67,19,0.9464
1455,67,19,0.7879
1456,67,19,0.4422
1457,67,19,0.5334
1624,69,59,0.9158
1625,69,59,0.6457
1626,69,59,0.2002
1627,69,59,0.7106
1628,69,59,0.7717
1629,69,59,0.7969
1630,69,59,0.2945
1631,69,59,0.8338
1632,69,59,0.5661
1633,69,59,0.3147
1223,52,19,0.4426
1224,52,19,0.3516
1225,52,19,0.4323
1226,52,19,0.6316
1227,52,19,0.8428
1228,52,19,0.9890
1229,52,19,0.8276
1230,52,19,0.9841
1231,52,19,0.9828
1232,52,19,0.9936
1458,67,19,0.9182
1459,67,19,0.9697
1460,67,19,0.9946
1461,67,19,0.4458
1462,67,19,0.2788
1463,67,19,0.7589
1464,67,19,0.6968
1465,67,19,0.6904
1466,67,19,0.9083
1467,67,19,0.0092
1634,69,59,0.9201
1635,69,59,0.6438
1636,69,59,0.9677
1637,69,59,0.9284
1638,69,59,0.9245
1639,69,59,0.9716
1640,69,59,0.9294
1641,69,59,0.8387
1642,69,59,0.9720
1703,72,59,0.9105
1704,72,59,0.4540
1705,72,59,0.9382
1706,72,59,0.0307
1707,72,59,0.5672
1708,72,59,0.4405
1709,72,59,0.6912
1710,72,59,0.5871
1711,72,59,0.8791
1712,72,59,0.8673
1233,52,19,0.5659
1234,52,19,0.9699
1235,52,19,0.3550
1236,52,19,0.7971
1237,52,19,0.5199
1238,52,19,0.3543
1239,52,19,0.6546
1240,52,19,0.9483
1241,52,19,0.6782
1242,52,19,0.9820
1468,67,19,0.3884
1469,67,19,0.4733
1470,67,19,0.4153
1471,67,19,0.7517
1643,69,19,0.7642
1644,69,19,0.4108
1645,69,19,0.9660
1646,69,19,0.2154
1647,69,19,0.3144
1648,69,19,0.3454
1649,69,19,0.7394
1650,69,19,0.5903
1651,69,19,0.0289
1652,69,19,0.3472
1713,72,59,0.0529
1714,72,59,0.9343
1472,67,19,0.8796
1473,67,19,0.8936
1474,67,19,0.8404
1653,69,19,0.8642
1654,69,19,0.6944
1655,69,19,0.9828
1656,69,19,0.5449
1657,69,19,0.5374
1658,69,19,0.3585
1659,69,19,0.4291
1660,69,19,0.9176
1661,69,19,0.9063
1662,69,19,0.9553
1715,72,59,0.6826
1716,72,59,0.9842
1717,72,59,0.9655
1718,72,59,0.0232
1757,75,59,0.9254
1758,75,59,0.5760
1759,75,59,0.9110
1760,75,59,0.2895
1761,75,59,0.4923
1762,75,59,0.9012
1763,75,59,0.4635
1764,75,59,0.9627
1765,75,59,0.1828
1766,75,59,0.7001
1475,67,19,0.6627
1476,67,19,0.9617
1477,67,19,0.9713
1478,67,19,0.1601
1479,67,19,0.7884
1480,67,19,0.3569
1481,67,19,0.5214
1663,69,19,0.3616
1664,69,19,0.0389
1665,69,19,0.5062
1666,69,19,0.6561
1667,69,19,0.9697
1668,69,19,0.2404
1669,69,19,0.6253
1670,69,19,0.9584
1671,69,19,0.8130
1672,69,19,0.9561
1719,72,59,0.4204
1720,72,59,0.7720
1721,72,59,0.5888
1722,72,59,0.9422
1723,72,59,0.6794
1724,72,59,0.9896
1725,72,59,0.9723
1726,72,59,0.9690
1727,72,59,0.7343
1728,72,59,0.2786
1767,75,59,0.2822
1768,75,59,0.8391
1769,75,59,0.5599
1770,75,59,0.9552
1771,75,59,0.5531
1772,75,59,0.6708
1773,75,59,0.1760
1774,75,59,0.3295
1775,75,59,0.7036
1776,75,59,0.8038
1482,67,19,0.8918
1483,67,19,0.3421
1484,67,19,0.9590
1485,67,19,0.7703
1486,67,19,0.7967
1673,69,19,0.7393
1674,69,19,0.7673
1675,69,19,0.9773
1676,69,19,0.8524
1677,69,19,0.3333
1678,69,19,0.7968
1679,69,19,0.9247
1680,69,19,0.9664
1681,69,19,0.1172
1682,69,19,0.9701
1729,72,19,0.9186
1730,72,19,0.3838
1731,72,19,0.5281
1732,72,19,0.5386
1733,72,19,0.2825
1777,75,59,0.4106
1778,75,59,0.8962
1779,75,59,0.3062
1780,75,59,0.1160
1781,75,59,0.2183
1782,75,59,0.7974
1783,75,59,0.9772
1784,75,59,0.9913
1785,75,59,0.9930
1786,75,59,0.9945
1487,67,19,0.1165
1488,67,19,0.7104
1683,69,19,0.9471
1684,69,19,0.8615
1685,69,19,0.7532
1686,69,19,0.9296
1687,69,19,0.7511
1688,69,19,0.9100
1689,69,19,0.9731
1690,69,19,0.6651
1691,69,19,0.6384
1692,69,19,0.9472
1734,72,19,0.0829
1735,72,19,0.3919
1736,72,19,0.1960
1737,72,19,0.5208
1738,72,19,0.8705
1739,72,19,0.5803
1740,72,19,0.0310
1787,75,59,0.7385
1788,75,59,0.5772
1789,75,59,0.1313
1790,75,59,0.7872
1791,75,59,0.8758
1792,75,59,0.3638
1793,75,59,0.0534
1794,75,59,0.8507
1795,75,59,0.9911
1796,75,59,0.5450
1489,67,19,0.7239
1490,67,19,0.3158
1491,67,19,0.9843
1492,67,19,0.9670
1493,67,19,0.9536
1494,67,19,0.4144
1495,67,19,0.6433
1496,67,19,0.2187
1497,67,19,0.5298
1498,67,19,0.6017
1693,69,19,0.5939
1694,69,19,0.3620
1695,69,19,0.9788
1696,69,19,0.9335
1697,69,19,0.5480
1698,69,19,0.8584
1699,69,19,0.7731
1700,69,19,0.9460
1701,69,19,0.9759
1702,69,19,0.1143
1741,72,19,0.3281
1742,72,19,0.1852
1743,72,19,0.3118
1744,72,19,0.6796
1797,75,59,0.8949
1798,75,59,0.5791
1799,75,59,0.0575
1800,75,59,0.4864
1801,75,59,0.9757
1802,75,59,0.5851
1803,75,59,0.9659
1804,75,59,0.8897
1805,75,59,0.0959
1806,75,59,0.3740
1499,67,19,0.6196
1500,67,19,0.3377
1745,72,19,0.8392
1746,72,19,0.0966
1747,72,19,0.4919
1807,75,19,0.9053
1808,75,19,0.9761
1809,75,19,0.1093
1810,75,19,0.5582
1811,75,19,0.1448
1812,75,19,0.6380
1813,75,19,0.0423
1814,75,19,0.6492
1815,75,19,0.7545
1816,75,19,0.1021
1991,80,59,0.9222
1992,80,59,0.8251
1993,80,59,0.4698
1994,80,59,0.9569
1995,80,59,0.6763
1996,80,59,0.7195
1997,80,59,0.9707
1998,80,59,0.8825
1999,80,59,0.7860
2000,80,59,0.9204
1501,67,19,0.6586
1502,67,19,0.7620
1503,67,19,0.8092
1504,67,19,0.9188
1505,67,19,0.3527
1506,67,19,0.8856
1507,67,19,0.4633
1508,67,19,0.1078
1509,67,19,0.5310
1510,67,19,0.0831
1748,72,19,0.6334
1749,72,19,0.9696
1750,72,19,0.9768
1751,72,19,0.9750
1752,72,19,0.6047
1753,72,19,0.4875
1754,72,19,0.9017
1755,72,19,0.9658
1756,72,19,0.9316
1817,75,19,0.8170
1818,75,19,0.8345
1819,75,19,0.1772
1820,75,19,0.9017
1821,75,19,0.9617
1822,75,19,0.9234
1823,75,19,0.9974
1824,75,19,0.1677
1825,75,19,0.2855
1826,75,19,0.5344
2001,80,59,0.9709
2002,80,59,0.9125
2003,80,59,0.9838
2004,80,59,0.9079
2005,80,59,0.3402
2006,80,59,0.9673
2007,80,59,0.7133
2008,80,59,0.6952
2009,80,59,0.8641
1511,67,19,0.3911
1512,67,19,0.3288
1513,67,19,0.5605
1514,67,19,0.2958
1827,75,19,0.5434
1828,75,19,0.4210
1829,75,19,0.2496
1830,75,19,0.6424
1831,75,19,0.8207
1832,75,19,0.9300
1833,75,19,0.9062
1834,75,19,0.0552
1835,75,19,0.2586
1836,75,19,0.3648
2010,80,19,0.9499
2011,80,19,0.8533
2012,80,19,0.8181
2013,80,19,0.7850
2014,80,19,0.9251
2015,80,19,0.9784
2016,80,19,0.5303
2017,80,19,0.6363
2027,88,59,0.7679
2028,88,59,0.9185
2029,88,59,0.9616
2030,88,59,0.7778
2031,88,59,0.9819
2032,88,59,0.9577
2033,88,59,0.9683
2034,88,59,0.8654
2035,88,59,0.5504
1515,67,19,0.8648
1516,67,19,0.9684
1517,67,19,0.8908
1518,67,19,0.9812
1519,67,19,0.7858
1520,67,19,0.8385
1521,67,19,0.7199
1522,67,19,0.0164
1523,67,19,0.7067
1524,67,19,0.8170
1837,75,19,0.7183
1838,75,19,0.0299
1839,75,19,0.0446
1840,75,19,0.1064
1841,75,19,0.2943
1842,75,19,0.8627
1843,75,19,0.9550
1844,75,19,0.3105
1845,75,19,0.5791
1846,75,19,0.2403
2018,80,19,0.8150
2019,80,19,0.9216
2020,80,19,0.8975
2021,80,19,0.9420
2022,80,19,0.2841
2023,80,19,0.9826
2024,80,19,0.7200
2025,80,19,0.9788
2026,80,19,0.6501
2036,88,19,0.7015
2037,88,19,0.5353
2038,88,19,0.9166
2039,88,19,0.6483
2040,88,19,0.8179
2041,88,19,0.4276
2042,88,19,0.9517
1525,67,19,0.9738
1526,67,19,0.2383
1527,67,19,0.7129
1528,67,19,0.7048
1529,67,19,0.8794
1530,67,19,0.6184
1847,75,19,0.0804
1848,75,19,0.7348
1849,75,19,0.3880
1850,75,19,0.9020
1851,75,19,0.1178
1852,75,19,0.5698
1853,75,19,0.7283
1854,75,19,0.9783
1855,75,19,0.7395
1856,75,19,0.0863
2043,88,19,0.8228
2044,88,19,0.9703
2045,88,19,0.9617
2046,88,19,0.8017
2047,88,19,0.9741
2048,88,19,0.9773
2049,88,19,0.9776
2050,88,19,0.9871
2051,88,19,0.9762
2052,88,19,0.9446
2053,95,59,0.2609
2054,95,59,0.8954
2055,95,59,0.3753
2056,95,59,0.6597
2057,95,59,0.9539
2058,95,59,0.1820
2059,95,59,0.9614
2060,95,59,0.7904
2061,95,59,0.4650
2062,95,59,0.1239
1531,67,19,0.1863
1532,67,19,0.6657
1857,75,19,0.0651
1858,75,19,0.2156
1859,75,19,0.2819
1860,75,19,0.1332
1861,75,19,0.5065
1862,75,19,0.8106
1863,75,19,0.9562
1864,75,19,0.9889
1865,75,19,0.9898
1866,75,19,0.9950
2063,95,59,0.0631
2064,95,59,0.2279
2065,95,59,0.5707
2066,95,59,0.6762
2067,95,59,0.9425
2068,95,59,0.9714
2069,95,59,0.9890
2070,95,59,0.9914
2071,95,59,0.9902
2072,95,59,0.9940
2191,102,59,0.3196
2192,102,59,0.4793
2193,102,59,0.8058
2194,102,59,0.9207
2195,102,59,0.9810
2196,102,59,0.9776
2197,102,59,0.1766
2198,102,59,0.9556
2199,102,59,0.6397
2200,102,59,0.9533
1533,67,19,0.2528
1534,67,19,0.8768
1535,67,19,0.6216
1536,67,19,0.2924
1537,67,19,0.7373
1538,67,19,0.3193
1539,67,19,0.9082
1540,67,19,0.9494
1541,67,19,0.8368
1542,67,19,0.9928
1867,75,19,0.9249
1868,75,19,0.4539
1869,75,19,0.3632
1870,75,19,0.4828
2073,95,59,0.8480
2074,95,59,0.7838
2075,95,59,0.9722
2076,95,59,0.9426
2077,95,59,0.5926
2078,95,59,0.1891
2079,95,59,0.9189
2080,95,59,0.3175
2081,95,59,0.2196
2082,95,59,0.6324
2201,102,59,0.8179
2202,102,59,0.7607
2203,102,59,0.4701
2204,102,59,0.6395
2205,102,59,0.7477
2206,102,59,0.7727
2207,102,59,0.6271
2208,102,59,0.6708
2209,102,59,0.9012
2210,102,59,0.2092
1543,67,19,0.8058
1544,67,19,0.6716
1545,67,19,0.9815
1546,67,19,0.0184
1547,67,19,0.8728
1548,67,19,0.9751
1549,67,19,0.9280
1550,67,19,0.9679
1551,67,19,0.9713
1552,67,19,0.5398
1871,75,19,0.7555
1872,75,19,0.8208
1873,75,19,0.5872
1874,75,19,0.7995
1875,75,19,0.7881
1876,75,19,0.4138
1877,75,19,0.8861
1878,75,19,0.7709
1879,75,19,0.9495
1880,75,19,0.9566
2083,95,59,0.4522
2084,95,59,0.5366
2085,95,59,0.2352
2086,95,59,0.5346
2087,95,59,0.5897
2088,95,59,0.3656
2089,95,59,0.8890
2090,95,59,0.9088
2091,95,59,0.4637
2092,95,59,0.9603
2211,102,59,0.9151
2212,102,59,0.9729
2213,102,59,0.2786
2214,102,59,0.7190
2215,102,59,0.2585
2216,102,59,0.4702
2217,102,59,0.8413
1553,67,19,0.0609
1554,67,19,0.6901
1881,75,19,0.8847
1882,75,19,0.6025
1883,75,19,0.8696
1884,75,19,0.0748
1885,75,19,0.3189
1886,75,19,0.8859
1887,75,19,0.0639
1888,75,19,0.6243
1889,75,19,0.1416
1890,75,19,0.6372
2093,95,59,0.8815
2094,95,59,0.3848
2095,95,59,0.9199
2096,95,59,0.9871
2097,95,59,0.8867
2098,95,59,0.7662
2099,95,59,0.7047
2100,95,59,0.7635
2101,95,59,0.5079
2102,95,59,0.9877
2218,102,59,0.3139
2219,102,59,0.9333
2220,102,59,0.9705
2221,102,59,0.3820
2222,102,59,0.7880
2223,102,59,0.9659
2224,102,59,0.9558
2225,102,59,0.9792
2226,102,59,0.8761
2227,102,59,0.9333
1555,67,19,0.9164
1556,67,19,0.7640
1557,67,19,0.7469
1558,67,19,0.6868
1559,67,19,0.1911
1891,75,19,0.6251
1892,75,19,0.4001
1893,75,19,0.4381
1894,75,19,0.2533
1895,75,19,0.6011
1896,75,19,0.8667
1897,75,19,0.9815
1898,75,19,0.9870
1899,75,19,0.9922
1900,75,19,0.9880
2103,95,59,0.9691
2104,95,59,0.9834
2105,95,59,0.9725
2106,95,59,0.7084
2107,95,59,0.9550
2108,95,59,0.8216
2109,95,59,0.9335
2110,95,59,0.1570
2111,95,59,0.4529
2112,95,59,0.1942
2228,102,19,0.9222
2229,102,19,0.9769
2230,102,19,0.2085
2231,102,19,0.4931
2232,102,19,0.7566
2233,102,19,0.9675
2234,102,19,0.3025
2235,102,19,0.8354
2236,102,19,0.1753
2237,102,19,0.8110
1560,67,19,0.7927
1561,67,19,0.8993
1562,67,19,0.4786
1563,67,19,0.9205
1901,75,19,0.4342
1902,75,19,0.5669
1903,75,19,0.7857
2113,95,59,0.4272
2114,95,59,0.9910
2115,95,59,0.0644
2116,95,59,0.0323
2117,95,59,0.4331
2118,95,59,0.6470
2119,95,59,0.8113
2120,95,59,0.7964
2121,95,59,0.2378
2122,95,59,0.6435
2238,102,19,0.8938
2239,102,19,0.9627
2240,102,19,0.7024
2241,102,19,0.8959
2242,102,19,0.9772
2243,102,19,0.9847
2244,102,19,0.9778
2245,102,19,0.9586
2246,102,19,0.9763
2247,102,19,0.9495
1564,67,19,0.4302
1565,67,19,0.9179
1566,67,19,0.7563
1567,67,19,0.9361
1568,67,19,0.9514
1569,67,19,0.9414
1570,67,19,0.9749
1571,67,19,0.5525
1572,67,19,0.3777
1573,67,19,0.7923
1904,75,19,0.6759
1905,75,19,0.9335
1906,75,19,0.8329
1907,75,19,0.8475
1908,75,19,0.9652
1909,75,19,0.0476
1910,75,19,0.3219
1911,75,19,0.1953
2123,95,59,0.9241
2124,95,59,0.8144
2125,95,59,0.7151
2126,95,59,0.0308
2127,95,59,0.7466
2128,95,59,0.6462
2129,95,59,0.5581
2130,95,59,0.8246
2131,95,59,0.4185
2132,95,59,0.5465
2248,102,19,0.7551
2249,102,19,0.9305
2250,102,19,0.9473
2251,102,19,0.2702
2252,102,19,0.7428
2253,102,19,0.4300
2254,102,19,0.9547
2255,102,19,0.8635
2256,102,19,0.9852
2257,102,19,0.9896
1912,75,19,0.3104
1913,75,19,0.1683
1914,75,19,0.6448
2133,95,59,0.2369
2134,95,59,0.4012
2135,95,59,0.6705
2136,95,59,0.7682
2137,95,59,0.9202
2138,95,59,0.3756
2139,95,59,0.3100
2140,95,59,0.4624
2141,95,59,0.5314
2142,95,59,0.2908
2258,102,19,0.9282
2259,102,19,0.9519
2260,102,19,0.9806
2261,102,19,0.0424
2262,102,19,0.5865
2297,103,59,0.6420
2298,103,59,0.9103
2299,103,59,0.9272
2300,103,59,0.3460
2301,103,59,0.7122
2302,103,59,0.2539
2303,103,59,0.6039
2304,103,59,0.6178
2305,103,59,0.7164
2306,103,59,0.9717
1915,75,19,0.2486
1916,75,19,0.2013
1917,75,19,0.7436
1918,75,19,0.7567
1919,75,19,0.7073
1920,75,19,0.6626
1921,75,19,0.6751
2143,95,59,0.5948
2144,95,59,0.6968
2145,95,59,0.7538
2146,95,59,0.9603
2147,95,59,0.9718
2148,95,59,0.9519
2149,95,59,0.9982
2150,95,59,0.0280
2151,95,59,0.2980
2152,95,59,0.7479
2263,102,19,0.6730
2264,102,19,0.9711
2265,102,19,0.7708
2307,103,59,0.9941
2308,103,59,0.9641
2309,103,59,0.9645
2310,103,59,0.9865
2311,103,59,0.9459
2312,103,59,0.8437
2313,103,59,0.9958
2314,103,59,0.9697
2315,103,59,0.9853
2316,103,59,0.9583
1922,75,19,0.6585
1923,75,19,0.8536
2153,95,59,0.8397
2154,95,59,0.9200
2155,95,59,0.9556
2156,95,59,0.4532
2157,95,59,0.9083
2158,95,59,0.3765
2159,95,59,0.4606
2160,95,59,0.7990
2161,95,59,0.4699
2162,95,59,0.2689
2266,102,19,0.8088
2267,102,19,0.5300
2268,102,19,0.3627
2269,102,19,0.1137
2270,102,19,0.5077
2271,102,19,0.8865
2272,102,19,0.9343
2273,102,19,0.9015
2274,102,19,0.7504
2275,102,19,0.9899
2317,103,59,0.9591
2318,103,59,0.9073
2319,103,59,0.6978
2320,103,59,0.9148
2321,103,59,0.6897
2322,103,59,0.9620
2323,103,59,0.9756
2324,103,59,0.8897
2325,103,59,0.3980
2326,103,59,0.9731
1924,75,19,0.8019
1925,75,19,0.5598
1926,75,19,0.7203
1927,75,19,0.4621
1928,75,19,0.3979
2163,95,59,0.8732
2164,95,59,0.5341
2165,95,59,0.2467
2166,95,59,0.8392
2167,95,59,0.8823
2168,95,59,0.1670
2169,95,59,0.3034
2170,95,59,0.9604
2171,95,59,0.9391
2172,95,59,0.8080
2276,102,19,0.5322
2277,102,19,0.5935
2327,103,19,0.7185
2328,103,19,0.7733
2329,103,19,0.9608
2330,103,19,0.9129
2331,103,19,0.8643
2332,103,19,0.0315
2333,103,19,0.6599
2334,103,19,0.6005
2335,103,19,0.9613
2336,103,19,0.9639
1929,75,19,0.8222
1930,75,19,0.6422
1931,75,19,0.6859
1932,75,19,0.6609
1933,75,19,0.9142
1934,75,19,0.2401
1935,75,19,0.3748
2173,95,59,0.7348
2174,95,59,0.9641
2175,95,59,0.0923
2176,95,59,0.4702
2177,95,59,0.9439
2178,95,59,0.9895
2179,95,59,0.8553
2180,95,59,0.9858
2181,95,59,0.5046
2278,102,19,0.8209
2279,102,19,0.9597
2280,102,19,0.9153
2281,102,19,0.9746
2282,102,19,0.9172
2283,102,19,0.9697
2284,102,19,0.4808
2285,102,19,0.9880
2286,102,19,0.9921
2337,103,19,0.9901
2338,103,19,0.9600
2339,103,19,0.9434
2340,103,19,0.8245
2341,103,19,0.9854
2342,103,19,0.0321
2343,103,19,0.8146
2344,103,19,0.9023
2345,103,19,0.9815
1936,75,19,0.0528
1937,75,19,0.7270
1938,75,19,0.8311
2182,95,19,0.7615
2183,95,19,0.8475
2184,95,19,0.9809
2185,95,19,0.9669
2186,95,19,0.9807
2187,95,19,0.9899
2188,95,19,0.8596
2189,95,19,0.9896
2190,95,19,0.9854
2287,102,19,0.2373
2288,102,19,0.4312
2289,102,19,0.9233
2290,102,19,0.9626
2291,102,19,0.9845
2292,102,19,0.9899
2293,102,19,0.9931
2294,102,19,0.9928
2295,102,19,0.9932
2296,102,19,0.9891
2346,104,59,0.7984
2347,104,59,0.4963
2348,104,59,0.6211
2349,104,59,0.9164
2350,104,59,0.9863
2351,104,59,0.9932
2352,104,59,0.9936
2353,104,59,0.9937
2354,104,59,0.9949
2355,104,59,0.9952
1939,75,19,0.0708
1940,75,19,0.5838
1941,75,19,0.1346
2356,104,59,0.4092
2357,104,59,0.4488
2358,104,59,0.3569
2359,104,59,0.1017
2360,104,59,0.6562
2361,104,59,0.9261
2362,104,59,0.9896
2363,104,59,0.9927
2364,104,59,0.9924
2365,104,59,0.9934
2415,107,59,0.7179
2416,107,59,0.7276
2417,107,59,0.9740
2418,107,59,0.9488
2419,107,59,0.9973
2420,107,59,0.7368
2421,107,59,0.1735
2422,107,59,0.7168
2423,107,59,0.9768
2424,107,59,0.7997
2435,116,59,0.8275
2436,116,59,0.4030
2437,116,59,0.5730
2438,116,59,0.9037
2439,116,59,0.2774
2440,116,59,0.8896
2441,116,59,0.9671
2442,116,59,0.9488
2443,116,59,0.9967
1942,75,19,0.9591
1943,75,19,0.9163
1944,75,19,0.8416
1945,75,19,0.9793
1946,75,19,0.7678
1947,75,19,0.8590
1948,75,19,0.7352
1949,75,19,0.7916
1950,75,19,0.8749
1951,75,19,0.3144
2366,104,59,0.6956
2367,104,59,0.5298
2368,104,59,0.4519
2369,104,59,0.9331
2370,104,59,0.9230
2371,104,59,0.0447
2372,104,59,0.7779
2373,104,59,0.9889
2374,104,59,0.9942
2375,104,59,0.9936
2425,107,19,0.7894
2426,107,19,0.7671
2427,107,19,0.9760
2428,107,19,0.1396
2429,107,19,0.9318
2430,107,19,0.9850
2431,107,19,0.9153
2432,107,19,0.9882
2433,107,19,0.9587
2434,107,19,0.9895
2444,116,19,0.8682
2445,116,19,0.9571
2446,116,19,0.6952
2447,116,19,0.9582
2448,116,19,0.9709
2449,116,19,0.9856
2450,116,19,0.5645
2451,116,19,0.1785
1952,75,19,0.7951
1953,75,19,0.9303
1954,75,19,0.6001
1955,75,19,0.9833
1956,75,19,0.1462
1957,75,19,0.3908
1958,75,19,0.1546
1959,75,19,0.1376
1960,75,19,0.3297
1961,75,19,0.4445
2376,104,59,0.6853
2377,104,59,0.8262
2378,104,59,0.8458
2379,104,59,0.9176
2380,104,59,0.9583
2381,104,59,0.2265
2382,104,59,0.9099
2383,104,59,0.9714
2384,104,59,0.9744
2452,116,19,0.8119
2453,116,19,0.8895
2454,116,19,0.9346
2455,116,19,0.9220
2456,116,19,0.9682
2457,116,19,0.2863
2458,116,19,0.9742
2459,116,19,0.0896
2460,116,19,0.6934
2531,121,59,0.5240
2532,121,59,0.8069
1962,75,19,0.3748
1963,75,19,0.6136
1964,75,19,0.5308
1965,75,19,0.8242
2385,104,19,0.8417
2386,104,19,0.9722
2387,104,19,0.9034
2388,104,19,0.9019
2389,104,19,0.9538
2390,104,19,0.7683
2391,104,19,0.6462
2392,104,19,0.9826
2393,104,19,0.9678
2394,104,19,0.2200
2461,116,19,0.7822
2462,116,19,0.3869
2463,116,19,0.2651
2464,116,19,0.6022
2533,121,59,0.9145
2534,121,59,0.3670
2535,121,59,0.5553
2536,121,59,0.6068
2537,121,59,0.5665
2538,121,59,0.8657
2539,121,59,0.9712
2540,121,59,0.4925
2541,121,59,0.9239
2542,121,59,0.9864
1966,75,19,0.8493
1967,75,19,0.9370
1968,75,19,0.3776
1969,75,19,0.7243
1970,75,19,0.6865
2395,104,19,0.5513
2396,104,19,0.4401
2397,104,19,0.7520
2398,104,19,0.9794
2399,104,19,0.9930
2400,104,19,0.9877
2401,104,19,0.9924
2402,104,19,0.9951
2403,104,19,0.9928
2404,104,19,0.9940
2465,116,19,0.7111
2466,116,19,0.8218
2467,116,19,0.9786
2468,116,19,0.7197
2469,116,19,0.7837
2470,116,19,0.9756
2471,116,19,0.8782
2472,116,19,0.9744
2473,116,19,0.7330
2474,116,19,0.2284
2543,121,59,0.9866
2544,121,59,0.6743
2545,121,59,0.8034
2546,121,59,0.9780
2547,121,59,0.5964
2548,121,59,0.0733
2549,121,59,0.8805
2550,121,59,0.4903
2551,121,59,0.7755
2552,121,59,0.9854
1971,75,19,0.4595
1972,75,19,0.7187
1973,75,19,0.6359
2405,104,19,0.8627
2406,104,19,0.9781
2407,104,19,0.2729
2408,104,19,0.8165
2409,104,19,0.9665
2410,104,19,0.9270
2411,104,19,0.4498
2412,104,19,0.9763
2413,104,19,0.9483
2414,104,19,0.9682
2475,116,19,0.2922
2476,116,19,0.7273
2477,116,19,0.5242
2553,121,59,0.9075
2554,121,59,0.6100
2555,121,59,0.2543
2556,121,59,0.4485
2557,121,59,0.1300
2558,121,59,0.1865
2559,121,59,0.5961
1974,75,19,0.5618
1975,75,19,0.4585
1976,75,19,0.6565
2478,116,19,0.8465
2479,116,19,0.7863
2480,116,19,0.9721
2481,116,19,0.9509
2482,116,19,0.8132
2483,116,19,0.4628
2560,121,59,0.3852
2561,121,59,0.8259
2562,121,59,0.0622
2563,121,59,0.5569
2564,121,59,0.8983
2565,121,59,0.9672
2566,121,59,0.6201
2567,121,59,0.9746
2568,121,59,0.9475
2569,121,59,0.9887
2766,124,59,0.9069
2767,124,59,0.6186
2768,124,59,0.1663
2769,124,59,0.7303
2770,124,59,0.6135
2771,124,59,0.9666
2772,124,59,0.5060
2773,124,59,0.7169
2774,124,59,0.2038
2775,124,59,0.8983
1977,75,19,0.5634
1978,75,19,0.2586
1979,75,19,0.2577
1980,75,19,0.8880
2484,116,19,0.8106
2485,116,19,0.8893
2486,116,19,0.4023
2487,116,19,0.8819
2488,116,19,0.2249
2489,116,19,0.0621
2570,121,19,0.3453
2571,121,19,0.3428
2572,121,19,0.6993
2573,121,19,0.7988
2574,121,19,0.2983
2575,121,19,0.9360
2576,121,19,0.0541
2577,121,19,0.7817
2578,121,19,0.8501
2579,121,19,0.4362
2776,124,59,0.9094
2777,124,59,0.9306
2778,124,59,0.9674
2779,124,59,0.8644
2780,124,59,0.9741
2781,124,59,0.7536
2782,124,59,0.9740
2783,124,59,0.8833
2784,124,59,0.9669
2785,124,59,0.6257
1981,75,19,0.7645
1982,75,19,0.5697
1983,75,19,0.9403
1984,75,19,0.4026
1985,75,19,0.0381
1986,75,19,0.7124
1987,75,19,0.9625
1988,75,19,0.7971
1989,75,19,0.9748
1990,75,19,0.8918
2490,116,19,0.9711
2491,116,19,0.9728
2492,116,19,0.2017
2493,116,19,0.7023
2494,116,19,0.0346
2495,116,19,0.6237
2580,121,19,0.2479
2581,121,19,0.6705
2786,124,59,0.5447
2787,124,59,0.5580
2788,124,59,0.7229
2789,124,59,0.9699
2790,124,59,0.9708
2791,124,59,0.9605
2792,124,59,0.6724
2793,124,59,0.9850
2794,124,59,0.8237
2795,124,59,0.0777
2496,116,19,0.6513
2497,116,19,0.4479
2582,121,19,0.1536
2583,121,19,0.4275
2584,121,19,0.9318
2585,121,19,0.9622
2586,121,19,0.5248
2587,121,19,0.9850
2588,121,19,0.9485
2589,121,19,0.7021
2590,121,19,0.9518
2591,121,19,0.9238
2796,124,59,0.9436
2797,124,59,0.7168
2798,124,59,0.8985
2799,124,59,0.7337
2800,124,59,0.2231
2801,124,59,0.6657
2802,124,59,0.8058
2803,124,59,0.8228
2804,124,59,0.8555
2805,124,59,0.9164
2859,132,59,0.7492
2860,132,59,0.9356
2861,132,59,0.9720
2862,132,59,0.7482
2863,132,59,0.9066
2864,132,59,0.9837
2865,132,59,0.2202
2866,132,59,0.6782
2867,132,59,0.9657
2868,132,59,0.8738
2498,116,19,0.7585
2499,116,19,0.8820
2592,121,19,0.7860
2593,121,19,0.9816
2594,121,19,0.4701
2595,121,19,0.9138
2596,121,19,0.7083
2597,121,19,0.8780
2598,121,19,0.7893
2599,121,19,0.1234
2600,121,19,0.6680
2601,121,19,0.3913
2806,124,59,0.7016
2807,124,59,0.2147
2808,124,59,0.9601
2809,124,59,0.7614
2810,124,59,0.9396
2811,124,59,0.8847
2812,124,59,0.9771
2813,124,59,0.3068
2814,124,59,0.3176
2869,132,59,0.9643
2870,132,59,0.4785
2871,132,59,0.9284
2500,116,19,0.5472
2501,116,19,0.4658
2602,121,19,0.9435
2603,121,19,0.9568
2604,121,19,0.6770
2605,121,19,0.7958
2815,124,19,0.4700
2816,124,19,0.2790
2817,124,19,0.7453
2818,124,19,0.9630
2819,124,19,0.6359
2820,124,19,0.7165
2821,124,19,0.4346
2822,124,19,0.8416
2823,124,19,0.9759
2824,124,19,0.9791
2872,132,59,0.0841
2873,132,59,0.8696
2502,116,19,0.8087
2503,116,19,0.7016
2504,116,19,0.9040
2505,116,19,0.1600
2506,116,19,0.1939
2507,116,19,0.9284
2508,116,19,0.2861
2509,116,19,0.6529
2510,116,19,0.8754
2511,116,19,0.9628
2606,121,19,0.1336
2607,121,19,0.4475
2825,124,19,0.7471
2826,124,19,0.7560
2827,124,19,0.2775
2828,124,19,0.6077
2829,124,19,0.4842
2874,132,59,0.8118
2875,132,59,0.8678
2876,132,59,0.9900
2512,116,19,0.6799
2513,116,19,0.6765
2514,116,19,0.7248
2608,121,19,0.7548
2609,121,19,0.5614
2830,124,19,0.3433
2831,124,19,0.4550
2832,124,19,0.3517
2833,124,19,0.5581
2834,124,19,0.0998
2835,124,19,0.7014
2836,124,19,0.1077
2837,124,19,0.8387
2877,132,59,0.8468
2878,132,59,0.9564
2879,132,59,0.9398
2515,116,19,0.6695
2516,116,19,0.9535
2517,116,19,0.0791
2518,116,19,0.4641
2519,116,19,0.2826
2520,116,19,0.1816
2610,121,19,0.5518
2611,121,19,0.9156
2612,121,19,0.9186
2613,121,19,0.8033
2614,121,19,0.9745
2615,121,19,0.8053
2616,121,19,0.7052
2617,121,19,0.5669
2618,121,19,0.0214
2619,121,19,0.6196
2838,124,19,0.8789
2839,124,19,0.9642
2840,124,19,0.9219
2841,124,19,0.7634
2842,124,19,0.5085
2880,132,59,0.7242
2881,132,59,0.9713
2882,132,59,0.3579
2883,132,59,0.9590
2884,132,59,0.7408
2885,132,59,0.2276
2886,132,59,0.6202
2887,132,59,0.3472
2888,132,59,0.9259
2889,132,59,0.9390
2521,116,19,0.5735
2522,116,19,0.8497
2523,116,19,0.7748
2524,116,19,0.9330
2525,116,19,0.1944
2526,116,19,0.7424
2527,116,19,0.8607
2528,116,19,0.9657
2529,116,19,0.9714
2530,116,19,0.9650
2620,121,19,0.7886
2621,121,19,0.9744
2622,121,19,0.0664
2623,121,19,0.6025
2624,121,19,0.9353
2625,121,19,0.7120
2626,121,19,0.8645
2627,121,19,0.9721
2628,121,19,0.8196
2629,121,19,0.8964
2843,124,19,0.8648
2844,124,19,0.3459
2845,124,19,0.3152
2846,124,19,0.1774
2890,132,19,0.4932
2891,132,19,0.9767
2892,132,19,0.9230
2893,132,19,0.9688
2894,132,19,0.3113
2895,132,19,0.6769
2896,132,19,0.7090
2897,132,19,0.8030
2898,132,19,0.7798
2899,132,19,0.6534
2630,121,19,0.2960
2631,121,19,0.9286
2847,124,19,0.9680
2848,124,19,0.9412
2900,132,19,0.8315
2901,132,19,0.6394
2902,132,19,0.9679
2903,132,19,0.8801
2904,132,19,0.9739
2905,132,19,0.9749
2906,132,19,0.9766
2907,132,19,0.9269
2908,132,19,0.9977
3021,148,59,0.9083
3022,148,59,0.9566
3023,148,59,0.8269
3024,148,59,0.7807
3025,148,59,0.8743
3026,148,59,0.1862
3027,148,59,0.8168
3028,148,59,0.7535
3029,148,59,0.9079
3030,148,59,0.8937
2632,121,19,0.5918
2633,121,19,0.9107
2634,121,19,0.7399
2635,121,19,0.9751
2636,121,19,0.7563
2637,121,19,0.4437
2638,121,19,0.4467
2639,121,19,0.9706
2640,121,19,0.9605
2641,121,19,0.3636
2849,124,19,0.8221
2850,124,19,0.6301
2851,124,19,0.9748
2852,124,19,0.9854
2853,124,19,0.8549
2854,124,19,0.8553
2855,124,19,0.9632
2856,124,19,0.7534
2857,124,19,0.6618
2858,124,19,0.5618
2909,132,19,0.8965
2910,132,19,0.9175
2911,132,19,0.4906
2912,132,19,0.7052
2913,132,19,0.3810
2914,132,19,0.5899
2915,132,19,0.9723
2916,132,19,0.0436
2917,132,19,0.7244
2918,132,19,0.4370
3031,148,59,0.9882
3032,148,59,0.8722
3033,148,59,0.6945
2642,121,19,0.8749
2643,121,19,0.6662
2644,121,19,0.9849
2645,121,19,0.9902
2646,121,19,0.9772
2647,121,19,0.7125
2648,121,19,0.8044
2649,121,19,0.8124
2650,121,19,0.1669
2651,121,19,0.0839
2919,132,19,0.2713
2920,132,19,0.7742
3034,148,59,0.9246
3035,148,59,0.3496
3036,148,59,0.9558
3037,148,59,0.2535
3038,148,59,0.8956
3039,148,59,0.2963
3040,148,59,0.7060
3041,148,59,0.8930
3042,148,59,0.6285
3043,148,59,0.7646
3128,162,59,0.8897
3129,162,59,0.3620
3130,162,59,0.7234
3131,162,59,0.5865
3132,162,59,0.9270
3133,162,59,0.9631
3134,162,59,0.9398
3135,162,59,0.9520
3136,162,59,0.0816
3137,162,59,0.6776
2652,121,19,0.4491
2653,121,19,0.6904
2654,121,19,0.9628
2655,121,19,0.4607
2656,121,19,0.0856
2657,121,19,0.2968
2658,121,19,0.7839
2921,132,19,0.5945
2922,132,19,0.8102
3044,148,19,0.7003
3045,148,19,0.7596
3046,148,19,0.8616
3047,148,19,0.9663
3048,148,19,0.4692
3049,148,19,0.8267
3050,148,19,0.7323
3051,148,19,0.7696
3052,148,19,0.5583
3053,148,19,0.2377
3138,162,19,0.9355
3139,162,19,0.3245
3140,162,19,0.8893
3141,162,19,0.2216
3142,162,19,0.9662
2659,121,19,0.7430
2660,121,19,0.2865
2661,121,19,0.6192
2662,121,19,0.8884
2663,121,19,0.0568
2664,121,19,0.8234
2665,121,19,0.6171
2666,121,19,0.5271
2923,132,19,0.8045
2924,132,19,0.9164
2925,132,19,0.6907
2926,132,19,0.9447
2927,132,19,0.9786
2928,132,19,0.9615
2929,132,19,0.6157
2930,132,19,0.7422
2931,132,19,0.1676
2932,132,19,0.8971
3054,148,19,0.5551
3055,148,19,0.6231
3056,148,19,0.1523
3057,148,19,0.5954
3058,148,19,0.1978
3059,148,19,0.7760
3060,148,19,0.9122
3061,148,19,0.9518
3062,148,19,0.9886
3063,148,19,0.9856
3143,162,19,0.4482
3144,162,19,0.6766
2667,121,19,0.8157
2668,121,19,0.0276
2669,121,19,0.5355
2670,121,19,0.2968
2671,121,19,0.6049
2672,121,19,0.8102
2673,121,19,0.9200
2674,121,19,0.9843
2675,121,19,0.9901
2676,121,19,0.9918
2933,132,19,0.9129
2934,132,19,0.9750
2935,132,19,0.9746
2936,132,19,0.9549
3064,148,19,0.7638
3065,148,19,0.0865
3066,148,19,0.6117
3067,148,19,0.5771
3068,148,19,0.2852
3145,162,19,0.2735
3146,162,19,0.7044
2677,121,19,0.7445
2678,121,19,0.9599
2679,121,19,0.7525
2680,121,19,0.9744
2681,121,19,0.9314
2682,121,19,0.9302
2683,121,19,0.4646
2684,121,19,0.6537
2685,121,19,0.0594
2686,121,19,0.7101
2937,132,19,0.6752
2938,132,19,0.9526
2939,132,19,0.2564
3069,148,19,0.8440
3070,148,19,0.2083
3071,148,19,0.8289
3072,148,19,0.9420
3073,148,19,0.9941
3074,148,19,0.9713
3075,148,19,0.9482
3076,148,19,0.9648
3077,148,19,0.1268
3078,148,19,0.7170
3147,162,19,0.8884
3148,162,19,0.9349
3149,162,19,0.9791
3150,162,19,0.7968
3151,162,19,0.9819
3152,162,19,0.9755
3153,162,19,0.2103
2687,121,19,0.4199
2688,121,19,0.3253
2689,121,19,0.6818
2690,121,19,0.8724
2691,121,19,0.6060
2692,121,19,0.4976
2693,121,19,0.2896
2694,121,19,0.6534
2695,121,19,0.9000
2696,121,19,0.9841
2940,132,19,0.6362
2941,132,19,0.9532
2942,132,19,0.8785
2943,132,19,0.9344
2944,132,19,0.9771
2945,132,19,0.9216
2946,132,19,0.9612
2947,132,19,0.0300
2948,132,19,0.8918
2949,132,19,0.0378
3079,148,19,0.3172
3080,148,19,0.9185
3154,162,19,0.8862
3155,162,19,0.6927
3156,162,19,0.2809
3157,162,19,0.8173
3158,162,19,0.8410
3159,162,19,0.9512
2697,121,19,0.4156
2950,132,19,0.9156
2951,132,19,0.1353
2952,132,19,0.8348
2953,132,19,0.9699
2954,132,19,0.9323
2955,132,19,0.3575
2956,132,19,0.2567
2957,132,19,0.9235
2958,132,19,0.5312
2959,132,19,0.7623
3081,148,19,0.8916
3082,148,19,0.9544
3083,148,19,0.9387
3084,148,19,0.6887
3085,148,19,0.7829
3086,148,19,0.6433
3087,148,19,0.7934
3088,148,19,0.6106
3089,148,19,0.7414
3090,148,19,0.7272
3160,162,19,0.9315
3161,162,19,0.2841
3162,162,19,0.4097
2698,121,19,0.8685
2699,121,19,0.9407
2700,121,19,0.8915
2701,121,19,0.7326
2960,132,19,0.7753
2961,132,19,0.9489
2962,132,19,0.0843
3091,148,19,0.9476
3092,148,19,0.7118
3093,148,19,0.7123
3163,162,19,0.6663
3164,162,19,0.6914
2702,121,19,0.8087
2703,121,19,0.9335
2704,121,19,0.9552
2705,121,19,0.9374
2706,121,19,0.6546
2707,121,19,0.8188
2708,121,19,0.2522
2709,121,19,0.5562
2710,121,19,0.8044
2711,121,19,0.7998
2963,132,19,0.9000
2964,132,19,0.7313
2965,132,19,0.2632
3094,148,19,0.7255
3095,148,19,0.7777
3096,148,19,0.8987
3097,148,19,0.9793
3098,148,19,0.9796
3099,148,19,0.1006
3100,148,19,0.6996
3101,148,19,0.2614
3102,148,19,0.9287
3103,148,19,0.9646
3165,162,19,0.8191
3166,162,19,0.7931
3167,162,19,0.9791
3168,162,19,0.9745
3169,162,19,0.9759
3170,162,19,0.8030
3171,162,19,0.8718
3172,162,19,0.9839
3173,162,19,0.7923
2712,121,19,0.6758
2713,121,19,0.9780
2714,121,19,0.0734
2715,121,19,0.4759
2716,121,19,0.1320
2717,121,19,0.5666
2718,121,19,0.9119
2719,121,19,0.9853
2720,121,19,0.9896
2721,121,19,0.9871
2966,132,59,0.6986
2967,132,59,0.8931
2968,132,59,0.5937
2969,132,59,0.1437
2970,132,59,0.6344
2971,132,59,0.9634
2972,132,59,0.5391
2973,132,59,0.5762
2974,132,59,0.9688
2975,132,59,0.9634
3104,148,19,0.9403
3105,148,19,0.2166
3106,148,19,0.5220
3174,162,19,0.6845
3175,162,19,0.9514
3176,162,19,0.9681
3177,162,19,0.9273
3178,162,19,0.9055
3179,162,19,0.9379
3180,162,19,0.9548
3181,162,19,0.9700
3182,162,19,0.9828
3183,162,19,0.9821
2722,121,19,0.2146
2723,121,19,0.5314
2976,132,59,0.9818
2977,132,59,0.9506
2978,132,59,0.7982
2979,132,59,0.7052
2980,132,59,0.6903
2981,132,59,0.6200
2982,132,59,0.7466
2983,132,59,0.8635
2984,132,59,0.9494
2985,132,59,0.3168
3107,148,19,0.3094
3108,148,19,0.9537
3109,148,19,0.4496
3110,148,19,0.4685
3111,148,19,0.9677
3112,148,19,0.8031
3113,148,19,0.9428
3114,148,19,0.0289
3184,162,19,0.8639
3185,162,19,0.6952
2724,121,19,0.8666
2725,121,19,0.6164
2726,121,19,0.8585
2986,132,19,0.2116
2987,132,19,0.4673
2988,132,19,0.4305
3115,148,19,0.3786
3116,148,19,0.7180
3186,162,19,0.8804
3187,162,19,0.9313
3188,162,19,0.9397
3189,162,19,0.9940
3190,162,19,0.8442
3191,162,19,0.9859
3192,162,19,0.9867
3193,162,19,0.9683
3194,162,19,0.7189
2727,121,19,0.9213
2728,121,19,0.9668
2729,121,19,0.9799
2730,121,19,0.0122
2731,121,19,0.3707
2732,121,19,0.4854
2733,121,19,0.1643
2734,121,19,0.3333
2735,121,19,0.3591
2736,121,19,0.4504
2989,132,59,0.7700
2990,132,59,0.9116
3117,148,19,0.1993
3118,148,19,0.5863
3195,167,59,0.7454
3196,167,59,0.9635
3197,167,59,0.5175
3198,167,59,0.6841
3199,167,59,0.9485
3200,167,59,0.6728
3201,167,59,0.8828
3202,167,59,0.9901
3203,167,59,0.5437
3204,167,59,0.9752
2737,121,19,0.7727
2738,121,19,0.9575
2739,121,19,0.6861
2740,121,19,0.7988
2741,121,19,0.0707
2742,121,19,0.7338
2743,121,19,0.7288
2744,121,19,0.9748
2745,121,19,0.1519
2746,121,19,0.4147
2991,132,59,0.5460
2992,132,59,0.9289
2993,132,59,0.9672
2994,132,59,0.9426
2995,132,59,0.3263
2996,132,59,0.9678
2997,132,59,0.9481
2998,132,59,0.8496
2999,132,59,0.6228
3000,132,59,0.9371
3119,148,19,0.7126
3120,148,19,0.3998
3121,148,19,0.9611
3122,148,19,0.9680
3123,148,19,0.9395
3124,148,19,0.9939
3125,148,19,0.9742
3126,148,19,0.8042
3127,148,19,0.9786
3205,167,59,0.7745
3206,167,59,0.9654
3207,167,59,0.9789
3208,167,59,0.8139
3209,167,59,0.2499
3210,167,59,0.8327
3211,167,59,0.5903
3212,167,59,0.4353
3213,167,59,0.0812
3214,167,59,0.6433
2747,121,19,0.6698
2748,121,19,0.9498
2749,121,19,0.6333
2750,121,19,0.6025
2751,121,19,0.9059
2752,121,19,0.9615
2753,121,19,0.9805
2754,121,19,0.9637
2755,121,19,0.1426
2756,121,19,0.2152
3001,132,59,0.9396
3002,132,59,0.9373
3003,132,59,0.9727
3004,132,59,0.6043
3005,132,59,0.1550
3006,132,59,0.5914
3007,132,59,0.3471
3008,132,59,0.7784
3009,132,59,0.8536
3215,167,59,0.7601
3216,167,59,0.5582
3217,167,59,0.7632
3308,168,59,0.9056
3309,168,59,0.9615
3310,168,59,0.4836
3311,168,59,0.9813
3312,168,59,0.9922
3313,168,59,0.4149
3314,168,59,0.8756
3315,168,59,0.3181
2757,121,19,0.7858
2758,121,19,0.9679
2759,121,19,0.9611
2760,121,19,0.9886
2761,121,19,0.7407
2762,121,19,0.9711
2763,121,19,0.0935
2764,121,19,0.3191
2765,121,19,0.9628
3010,132,59,0.4388
3011,132,59,0.9092
3012,132,59,0.6310
3013,132,59,0.7672
3014,132,59,0.9234
3015,132,59,0.7578
3016,132,59,0.9065
3017,132,59,0.8051
3018,132,59,0.9068
3019,132,59,0.2054
3218,167,59,0.5649
3219,167,59,0.9228
3316,168,59,0.5867
3020,132,59,0.1974
3220,167,59,0.9408
3221,167,59,0.6768
3222,167,59,0.6518
3223,167,59,0.4016
3317,168,59,0.9402
3318,168,59,0.4342
3319,168,59,0.5104
3320,168,59,0.9484
3321,168,59,0.6155
3322,168,59,0.6884
3323,168,59,0.8204
3324,168,59,0.8614
3325,168,59,0.7179
3447,170,59,0.8903
3448,170,59,0.9343
3449,170,59,0.9944
3450,170,59,0.8669
3451,170,59,0.9250
3452,170,59,0.6612
3453,170,59,0.0240
3454,170,59,0.3707
3455,170,59,0.7909
3456,170,59,0.7729
3224,167,59,0.9582
3225,167,59,0.4167
3226,167,59,0.7536
3227,167,59,0.2484
3326,168,59,0.6242
3327,168,59,0.9331
3457,170,59,0.4055
3458,170,59,0.0892
3459,170,59,0.5987
3460,170,59,0.6453
3461,170,59,0.9851
3462,170,59,0.9944
3463,170,59,0.9954
3464,170,59,0.9964
3465,170,59,0.9955
3466,170,59,0.9918
3707,177,59,0.9308
3708,177,59,0.4174
3709,177,59,0.9765
3710,177,59,0.8566
3711,177,59,0.7560
3712,177,59,0.7680
3713,177,59,0.8154
3714,177,59,0.5966
3715,177,59,0.9763
3716,177,59,0.3266
3228,167,59,0.9242
3229,167,59,0.0452
3230,167,59,0.5048
3231,167,59,0.9547
3232,167,59,0.4544
3233,167,59,0.3289
3234,167,59,0.4588
3235,167,59,0.2104
3236,167,59,0.2195
3237,167,59,0.7371
3328,168,59,0.8560
3329,168,59,0.9609
3330,168,59,0.6662
3331,168,59,0.9767
3332,168,59,0.9425
3333,168,59,0.6957
3467,170,59,0.9161
3468,170,59,0.9580
3469,170,59,0.1154
3470,170,59,0.6052
3471,170,59,0.9420
3472,170,59,0.8505
3473,170,59,0.9156
3474,170,59,0.9824
3475,170,59,0.9726
3476,170,59,0.9837
3717,177,59,0.9955
3718,177,59,0.6153
3719,177,59,0.9753
3720,177,59,0.6701
3721,177,59,0.9747
3722,177,59,0.9563
3723,177,59,0.9549
3724,177,59,0.8964
3725,177,59,0.4720
3238,167,59,0.9034
3239,167,59,0.5932
3240,167,59,0.9235
3241,167,59,0.9759
3242,167,59,0.8362
3243,167,59,0.5068
3244,167,59,0.7431
3245,167,59,0.7985
3246,167,59,0.9785
3247,167,59,0.8627
3334,168,59,0.9678
3335,168,59,0.8133
3336,168,59,0.0644
3477,170,59,0.5605
3478,170,59,0.4457
3479,170,59,0.9489
3480,170,59,0.9521
3481,170,59,0.9699
3482,170,59,0.9779
3483,170,59,0.9857
3484,170,59,0.9806
3485,170,59,0.9804
3486,170,59,0.9847
3726,177,19,0.9612
3727,177,19,0.9624
3728,177,19,0.0647
3729,177,19,0.9132
3730,177,19,0.4820
3731,177,19,0.9699
3732,177,19,0.9817
3733,177,19,0.9548
3734,177,19,0.9738
3735,177,19,0.9831
3248,167,59,0.9948
3249,167,59,0.9000
3250,167,59,0.9824
3251,167,59,0.6033
3252,167,59,0.0385
3253,167,59,0.5832
3254,167,59,0.4535
3255,167,59,0.8795
3256,167,59,0.3686
3337,168,59,0.9592
3338,168,59,0.9856
3339,168,59,0.7710
3340,168,59,0.3572
3341,168,59,0.6964
3342,168,59,0.8238
3343,168,59,0.9682
3344,168,59,0.9851
3345,168,59,0.9720
3346,168,59,0.9878
3487,170,59,0.6765
3488,170,59,0.6920
3489,170,59,0.4460
3490,170,59,0.0860
3491,170,59,0.6544
3492,170,59,0.4754
3493,170,59,0.0743
3494,170,59,0.8890
3495,170,59,0.1702
3496,170,59,0.1406
3736,177,19,0.7209
3737,177,19,0.6250
3257,167,59,0.9358
3258,167,59,0.9178
3259,167,59,0.1813
3260,167,59,0.1779
3261,167,59,0.4046
3262,167,59,0.1017
3263,167,59,0.8366
3264,167,59,0.5892
3347,168,19,0.0900
3348,168,19,0.7686
3497,170,59,0.1048
3498,170,59,0.6800
3499,170,59,0.9210
3500,170,59,0.3468
3501,170,59,0.5336
3502,170,59,0.7738
3503,170,59,0.9522
3504,170,59,0.5412
3505,170,59,0.7270
3506,170,59,0.6124
3738,177,19,0.8203
3739,177,19,0.9778
3740,177,19,0.9674
3741,177,19,0.9570
3742,177,19,0.9691
3743,177,19,0.9892
3744,177,19,0.4380
3745,177,19,0.9411
3746,177,19,0.9672
3747,177,19,0.6613
3265,167,59,0.3864
3266,167,59,0.6902
3349,168,19,0.8253
3350,168,19,0.9215
3351,168,19,0.8259
3352,168,19,0.9622
3353,168,19,0.9817
3354,168,19,0.9843
3355,168,19,0.7113
3356,168,19,0.0656
3357,168,19,0.6649
3507,170,59,0.9087
3508,170,59,0.1374
3509,170,59,0.3244
3510,170,59,0.4293
3511,170,59,0.3303
3512,170,59,0.5531
3513,170,59,0.8091
3514,170,59,0.9161
3515,170,59,0.4886
3516,170,59,0.9063
3748,193,59,0.9398
3749,193,59,0.7982
3750,193,59,0.2923
3751,193,59,0.4982
3752,193,59,0.8880
3753,193,59,0.0857
3754,193,59,0.5041
3755,193,59,0.4426
3756,193,59,0.6809
3757,193,59,0.1656
3267,167,59,0.1578
3268,167,59,0.7210
3358,168,19,0.9337
3359,168,19,0.7317
3360,168,19,0.9771
3361,168,19,0.4244
3362,168,19,0.7511
3363,168,19,0.9238
3364,168,19,0.9200
3365,168,19,0.0730
3517,170,59,0.8297
3518,170,59,0.0340
3519,170,59,0.3519
3520,170,59,0.4370
3521,170,59,0.7499
3522,170,59,0.6036
3523,170,59,0.9660
3524,170,59,0.9188
3525,170,59,0.9371
3526,170,59,0.8154
3758,193,59,0.9236
3759,193,59,0.7909
3760,193,59,0.9250
3761,193,59,0.4319
3762,193,59,0.2966
3763,193,59,0.9273
3764,193,59,0.9625
3765,193,59,0.9162
3766,193,59,0.2411
3767,193,59,0.9443
3269,167,59,0.6640
3270,167,59,0.9353
3366,168,19,0.7309
3367,168,19,0.9611
3368,168,19,0.9634
3369,168,19,0.5955
3370,168,19,0.9461
3527,170,59,0.2089
3528,170,59,0.3244
3529,170,59,0.8861
3530,170,59,0.8799
3531,170,59,0.9883
3532,170,59,0.9735
3533,170,59,0.8051
3534,170,59,0.4062
3535,170,59,0.8491
3536,170,59,0.9212
3768,193,59,0.8628
3769,193,59,0.2041
3770,193,59,0.6638
3771,193,59,0.6914
3772,193,59,0.5823
3773,193,59,0.7214
3774,193,59,0.8434
3775,193,59,0.9806
3776,193,59,0.4784
3777,193,59,0.8603
3271,167,59,0.3296
3272,167,59,0.7924
3371,168,19,0.8681
3372,168,19,0.4324
3373,168,19,0.8758
3374,168,19,0.6888
3375,168,19,0.2067
3537,170,59,0.2277
3538,170,59,0.0388
3539,170,59,0.2270
3540,170,59,0.8622
3541,170,59,0.9783
3542,170,59,0.9828
3543,170,59,0.9926
3544,170,59,0.9933
3545,170,59,0.9921
3546,170,59,0.9924
3778,193,59,0.9718
3779,193,59,0.6637
3780,193,59,0.8183
3781,193,59,0.9272
3782,193,59,0.9159
3783,193,59,0.4983
3784,193,59,0.9804
3785,193,59,0.9489
3786,193,59,0.2538
3787,193,59,0.8004
3273,167,59,0.8841
3274,167,59,0.9789
3275,167,59,0.0590
3276,167,59,0.9780
3376,168,19,0.9292
3377,168,19,0.7791
3378,168,19,0.3911
3379,168,19,0.6269
3380,168,19,0.4775
3381,168,19,0.4461
3547,170,59,0.8576
3548,170,59,0.9709
3549,170,59,0.9319
3550,170,59,0.6848
3551,170,59,0.0170
3552,170,59,0.9962
3553,170,59,0.2712
3554,170,59,0.6968
3555,170,59,0.0806
3556,170,59,0.4645
3788,193,19,0.5730
3789,193,19,0.6913
3790,193,19,0.8098
3277,167,59,0.7413
3278,167,59,0.5117
3279,167,59,0.6548
3382,168,19,0.3567
3383,168,19,0.6750
3557,170,59,0.8991
3558,170,59,0.9076
3559,170,59,0.7440
3560,170,59,0.6481
3561,170,59,0.3021
3562,170,59,0.2150
3563,170,59,0.5752
3564,170,59,0.7152
3565,170,59,0.8980
3566,170,59,0.9554
3791,193,19,0.7382
3792,193,19,0.5737
3793,193,19,0.9703
3794,193,19,0.5158
3795,193,19,0.7141
3796,193,19,0.9768
3797,193,19,0.3388
3798,193,19,0.5680
3799,193,19,0.8059
3800,193,19,0.9607
3280,167,59,0.9303
3281,167,59,0.9611
3282,167,59,0.9715
3283,167,59,0.9848
3284,167,59,0.7721
3285,167,59,0.8321
3286,167,59,0.3633
3287,167,59,0.9710
3288,167,59,0.4901
3289,167,59,0.8635
3384,168,19,0.6935
3385,168,19,0.9685
3386,168,19,0.6986
3387,168,19,0.9057
3388,168,19,0.8101
3389,168,19,0.8906
3390,168,19,0.9455
3391,168,19,0.9309
3392,168,19,0.8613
3393,168,19,0.2051
3567,170,59,0.9345
3568,170,59,0.8767
3569,170,59,0.3197
3570,170,59,0.9558
3571,170,59,0.9070
3572,170,59,0.9830
3573,170,59,0.8317
3574,170,59,0.3290
3575,170,59,0.7734
3576,170,59,0.3139
3801,193,19,0.2041
3802,193,19,0.9642
3803,193,19,0.9593
3804,193,19,0.8856
3805,193,19,0.9792
3806,193,19,0.9799
3807,193,19,0.1252
3808,193,19,0.3024
3809,193,19,0.6967
3810,193,19,0.7356
3290,167,59,0.8155
3291,167,59,0.5040
3292,167,59,0.9584
3293,167,59,0.8827
3294,167,59,0.6050
3295,167,59,0.9554
3296,167,59,0.8725
3297,167,59,0.8544
3394,168,19,0.9162
3395,168,19,0.9330
3396,168,19,0.0654
3397,168,19,0.6831
3577,170,59,0.0941
3578,170,59,0.5234
3579,170,59,0.4826
3580,170,59,0.8577
3581,170,59,0.9375
3582,170,59,0.9663
3583,170,59,0.9836
3584,170,59,0.9830
3585,170,59,0.9850
3586,170,59,0.9882
3811,193,19,0.3139
3812,193,19,0.6822
3813,193,19,0.6591
3814,193,19,0.6232
3815,193,19,0.3707
3816,193,19,0.9711
3817,193,19,0.9902
3818,193,19,0.9934
3819,193,19,0.9948
3820,193,19,0.9937
3298,167,19,0.7550
3299,167,19,0.9660
3300,167,19,0.9886
3301,167,19,0.9685
3302,167,19,0.9582
3303,167,19,0.7249
3304,167,19,0.9186
3305,167,19,0.9062
3306,167,19,0.6451
3307,167,19,0.5080
3398,168,19,0.7714
3399,168,19,0.4444
3587,170,59,0.8559
3588,170,59,0.8945
3589,170,59,0.9629
3590,170,59,0.9923
3591,170,59,0.2834
3592,170,59,0.9086
3593,170,59,0.3309
3594,170,59,0.8642
3595,170,59,0.6492
3596,170,59,0.6568
3821,193,19,0.7919
3822,193,19,0.2512
3823,193,19,0.8698
3824,193,19,0.8884
3825,193,19,0.0288
3826,193,19,0.0948
3827,193,19,0.6423
3828,193,19,0.8689
3829,193,19,0.9803
3830,193,19,0.9901
3400,168,19,0.2084
3401,168,19,0.4427
3597,170,59,0.6196
3598,170,59,0.0240
3599,170,59,0.0962
3600,170,59,0.2290
3601,170,59,0.9359
3602,170,59,0.9907
3603,170,59,0.9837
3604,170,59,0.6447
3605,170,59,0.1096
3606,170,59,0.6796
3831,193,19,0.8796
3832,193,19,0.8698
3833,193,19,0.5600
3834,193,19,0.9698
3835,193,19,0.6636
3836,193,19,0.9156
3837,193,19,0.9352
3838,193,19,0.4275
3839,193,19,0.3091
3840,193,19,0.9470
3851,195,59,0.8226
3852,195,59,0.8071
3853,195,59,0.1757
3854,195,59,0.9000
3855,195,59,0.8879
3856,195,59,0.9819
3857,195,59,0.7181
3858,195,59,0.2154
3859,195,59,0.9405
3860,195,59,0.9301
3402,168,19,0.6484
3403,168,19,0.9692
3404,168,19,0.8539
3405,168,19,0.6229
3406,168,19,0.3225
3407,168,19,0.5657
3607,170,59,0.3531
3608,170,59,0.3360
3609,170,59,0.5240
3610,170,59,0.9401
3611,170,59,0.9748
3612,170,59,0.9458
3613,170,59,0.9851
3614,170,59,0.9986
3615,170,59,0.5376
3616,170,59,0.0354
3841,193,19,0.8812
3842,193,19,0.2658
3843,193,19,0.7554
3844,193,19,0.9149
3845,193,19,0.7055
3846,193,19,0.9870
3847,193,19,0.7462
3848,193,19,0.9825
3849,193,19,0.8166
3850,193,19,0.9723
3861,195,19,0.3652
3862,195,19,0.5465
3863,195,19,0.6927
3864,195,19,0.9734
3865,195,19,0.9877
3866,195,19,0.9915
3867,195,19,0.9933
3868,195,19,0.9936
3869,195,19,0.9941
3870,195,19,0.9952
3408,168,19,0.2205
3409,168,19,0.9104
3617,170,59,0.0128
3618,170,59,0.5140
3619,170,59,0.2538
3620,170,59,0.1644
3621,170,59,0.8413
3622,170,59,0.0517
3623,170,59,0.8876
3624,170,59,0.8907
3625,170,59,0.8190
3626,170,59,0.7846
3871,195,19,0.2306
3872,195,19,0.3768
3873,195,19,0.4498
3874,195,19,0.8167
3875,195,19,0.9671
3876,195,19,0.9898
3877,195,19,0.9936
3878,195,19,0.9936
3879,195,19,0.9911
3880,195,19,0.9925
4021,196,59,0.6583
4022,196,59,0.6336
4023,196,59,0.9705
4024,196,59,0.4061
4025,196,59,0.6890
4026,196,59,0.9501
4027,196,59,0.9289
4028,196,59,0.1319
4029,196,59,0.4294
4030,196,59,0.9608
3410,168,19,0.5924
3411,168,19,0.4158
3412,168,19,0.8925
3413,168,19,0.1576
3414,168,19,0.3171
3415,168,19,0.3597
3416,168,19,0.1986
3417,168,19,0.7482
3627,170,59,0.7611
3628,170,59,0.9215
3629,170,59,0.7302
3630,170,59,0.0212
3631,170,59,0.5678
3632,170,59,0.8989
3633,170,59,0.5307
3634,170,59,0.2202
3635,170,59,0.7172
3636,170,59,0.7015
3881,195,19,0.8936
3882,195,19,0.9423
3883,195,19,0.9699
3884,195,19,0.3393
3885,195,19,0.5431
3886,195,19,0.9843
3887,195,19,0.5584
3888,195,19,0.4644
3889,195,19,0.4730
3890,195,19,0.7819
4031,196,19,0.4650
4032,196,19,0.4267
4033,196,19,0.8754
4034,196,19,0.9363
4035,196,19,0.9718
4036,196,19,0.7202
4037,196,19,0.7819
4038,196,19,0.0344
4039,196,19,0.6782
4040,196,19,0.5121
3418,168,19,0.4537
3419,168,19,0.5497
3637,170,59,0.9668
3638,170,59,0.7219
3639,170,59,0.9779
3640,170,59,0.2720
3641,170,59,0.7731
3642,170,59,0.9300
3643,170,59,0.5116
3644,170,59,0.9203
3645,170,59,0.7646
3646,170,59,0.7556
3891,195,19,0.9223
3892,195,19,0.0968
3893,195,19,0.7102
3894,195,19,0.9596
3895,195,19,0.9628
3896,195,19,0.9030
3897,195,19,0.9836
3898,195,19,0.9587
3899,195,19,0.6972
3900,195,19,0.8512
4041,196,19,0.6965
4042,196,19,0.9495
4043,196,19,0.9131
4044,196,19,0.9689
4045,196,19,0.7369
4046,196,19,0.9371
4047,196,19,0.5069
4048,196,19,0.8020
4049,196,19,0.9193
4050,196,19,0.3847
3420,168,19,0.6209
3421,168,19,0.3475
3422,168,19,0.7706
3423,168,19,0.7631
3424,168,19,0.7365
3425,168,19,0.6855
3426,168,19,0.6919
3647,170,59,0.0809
3648,170,59,0.3187
3649,170,59,0.2736
3650,170,59,0.1359
3651,170,59,0.4894
3652,170,59,0.9542
3653,170,59,0.9900
3654,170,59,0.9930
3655,170,59,0.9930
3656,170,59,0.9950
3901,195,19,0.1783
3902,195,19,0.6081
3903,195,19,0.6711
3904,195,19,0.9571
3905,195,19,0.9928
3906,195,19,0.9939
3907,195,19,0.9925
3908,195,19,0.9937
3909,195,19,0.9917
3910,195,19,0.9946
4051,196,19,0.6557
4052,196,19,0.6033
4053,196,19,0.7211
4054,196,19,0.6530
4055,196,19,0.5778
4056,196,19,0.8839
4057,196,19,0.5160
4058,196,19,0.8835
4059,196,19,0.2074
4060,196,19,0.6215
3427,168,19,0.2953
3428,168,19,0.3154
3657,170,59,0.7382
3658,170,59,0.5667
3659,170,59,0.9252
3660,170,59,0.9128
3661,170,59,0.9826
3662,170,59,0.8849
3663,170,59,0.7928
3664,170,59,0.7807
3665,170,59,0.6108
3666,170,59,0.7595
3911,195,19,0.8886
3912,195,19,0.9766
3913,195,19,0.9297
3914,195,19,0.8614
3915,195,19,0.5518
3916,195,19,0.1171
3917,195,19,0.5666
3918,195,19,0.9193
3919,195,19,0.9738
3920,195,19,0.9889
4061,196,19,0.9133
4062,196,19,0.4221
4063,196,19,0.5960
4064,196,19,0.7712
4065,196,19,0.0886
4066,196,19,0.3695
4067,196,19,0.9109
4068,196,19,0.9866
4069,196,19,0.9928
4070,196,19,0.9923
3429,168,19,0.8750
3430,168,19,0.1399
3431,168,19,0.4929
3432,168,19,0.4084
3433,168,19,0.9147
3434,168,19,0.9622
3435,168,19,0.7479
3436,168,19,0.7028
3667,170,59,0.9627
3668,170,59,0.0451
3669,170,59,0.9351
3670,170,59,0.3548
3671,170,59,0.9088
3672,170,59,0.7241
3673,170,59,0.9440
3674,170,59,0.3696
3675,170,59,0.8575
3676,170,59,0.7327
3921,195,19,0.2454
3922,195,19,0.7646
3923,195,19,0.9158
3924,195,19,0.7299
3925,195,19,0.8996
3926,195,19,0.9852
3927,195,19,0.8879
3928,195,19,0.9791
3929,195,19,0.9779
3930,195,19,0.9860
4071,196,19,0.7826
4072,196,19,0.1403
4073,196,19,0.6026
4074,196,19,0.5711
4075,196,19,0.8321
4076,196,19,0.9078
4077,196,19,0.6798
4078,196,19,0.4869
4079,196,19,0.5076
4080,196,19,0.6579
3437,168,19,0.9024
3438,168,19,0.6585
3439,168,19,0.1704
3440,168,19,0.7159
3441,168,19,0.4854
3442,168,19,0.9801
3443,168,19,0.9663
3444,168,19,0.9417
3445,168,19,0.9812
3446,168,19,0.9988
3677,170,19,0.8955
3678,170,19,0.0776
3679,170,19,0.3481
3680,170,19,0.8373
3681,170,19,0.9388
3682,170,19,0.9405
3683,170,19,0.0969
3684,170,19,0.8934
3685,170,19,0.0095
3686,170,19,0.2842
3931,195,19,0.3087
3932,195,19,0.3297
3933,195,19,0.6115
3934,195,19,0.9265
3935,195,19,0.9845
3936,195,19,0.9910
3937,195,19,0.9888
3938,195,19,0.9889
3939,195,19,0.9926
3940,195,19,0.9906
4081,196,19,0.9477
4082,196,19,0.8939
4083,196,19,0.9441
4084,196,19,0.5464
4085,196,19,0.0225
4086,196,19,0.8360
4087,196,19,0.7585
4088,196,19,0.9754
4089,196,19,0.2470
4090,196,19,0.7757
3687,170,19,0.7618
3688,170,19,0.3249
3689,170,19,0.6183
3690,170,19,0.8267
3691,170,19,0.8559
3692,170,19,0.9345
3693,170,19,0.8668
3694,170,19,0.9900
3695,170,19,0.9944
3696,170,19,0.9939
3941,195,19,0.8818
3942,195,19,0.0264
3943,195,19,0.3210
3944,195,19,0.6425
3945,195,19,0.8920
3946,195,19,0.9572
3947,195,19,0.9853
3948,195,19,0.9920
3949,195,19,0.9891
3950,195,19,0.9926
4091,196,19,0.4256
4092,196,19,0.5543
4244,199,59,0.9283
4245,199,59,0.8947
4246,199,59,0.7805
4247,199,59,0.2220
3697,170,19,0.7949
3698,170,19,0.7688
3699,170,19,0.9745
3700,170,19,0.9675
3701,170,19,0.9724
3702,170,19,0.9712
3703,170,19,0.9138
3704,170,19,0.7226
3705,170,19,0.7035
3706,170,19,0.9776
3951,195,19,0.2848
3952,195,19,0.2891
3953,195,19,0.7246
3954,195,19,0.9696
3955,195,19,0.9816
3956,195,19,0.9937
3957,195,19,0.9933
3958,195,19,0.9957
3959,195,19,0.9960
3960,195,19,0.9959
4093,196,19,0.2942
4248,199,59,0.2927
4249,199,59,0.5663
3961,195,19,0.7904
3962,195,19,0.9639
3963,195,19,0.6970
3964,195,19,0.9559
3965,195,19,0.4553
3966,195,19,0.2749
3967,195,19,0.3069
3968,195,19,0.9106
3969,195,19,0.9822
3970,195,19,0.9880
4094,196,19,0.3306
4095,196,19,0.4049
4096,196,19,0.4889
4097,196,19,0.6494
4098,196,19,0.6438
4099,196,19,0.1607
4100,196,19,0.5730
4101,196,19,0.5682
4102,196,19,0.9197
4103,196,19,0.9531
4250,199,59,0.7942
4251,199,59,0.9382
4252,199,59,0.9177
4253,199,59,0.9350
4254,199,59,0.0632
4343,204,59,0.8177
4344,204,59,0.4087
4345,204,59,0.7357
4346,204,59,0.9217
4347,204,59,0.9619
4348,204,59,0.9960
4349,204,59,0.9204
4350,204,59,0.9399
4351,204,59,0.8624
4352,204,59,0.6276
3971,195,19,0.8219
3972,195,19,0.3110
3973,195,19,0.9273
3974,195,19,0.7922
3975,195,19,0.9736
3976,195,19,0.9744
3977,195,19,0.9559
3978,195,19,0.0280
3979,195,19,0.6738
3980,195,19,0.6129
4104,196,19,0.5559
4105,196,19,0.6008
4106,196,19,0.0496
4107,196,19,0.9391
4108,196,19,0.2226
4109,196,19,0.6263
4110,196,19,0.9650
4111,196,19,0.9719
4112,196,19,0.0501
4113,196,19,0.8018
4255,199,59,0.9296
4256,199,59,0.9279
4257,199,59,0.9432
4258,199,59,0.4538
4259,199,59,0.9562
4260,199,59,0.9356
4261,199,59,0.9693
4262,199,59,0.7139
4263,199,59,0.5207
4264,199,59,0.9261
4353,204,59,0.3700
4354,204,59,0.5726
4355,204,59,0.9446
4356,204,59,0.8984
4357,204,59,0.9300
4358,204,59,0.7761
4359,204,59,0.0415
4360,204,59,0.5497
4361,204,59,0.8891
4362,204,59,0.2380
3981,195,19,0.9416
3982,195,19,0.1375
3983,195,19,0.1038
3984,195,19,0.5307
3985,195,19,0.6168
3986,195,19,0.9687
3987,195,19,0.9911
3988,195,19,0.9935
3989,195,19,0.9945
3990,195,19,0.9935
4114,196,19,0.6880
4115,196,19,0.9260
4116,196,19,0.9096
4117,196,19,0.9350
4118,196,19,0.9776
4119,196,19,0.3121
4120,196,19,0.3643
4121,196,19,0.4697
4122,196,19,0.2967
4123,196,19,0.6328
4265,199,59,0.8742
4266,199,59,0.9366
4267,199,59,0.7146
4268,199,59,0.9271
4269,199,59,0.9394
4270,199,59,0.1121
4271,199,59,0.8088
4272,199,59,0.2924
4273,199,59,0.2130
4363,204,59,0.9580
4364,204,59,0.7799
4365,204,59,0.8777
4366,204,59,0.6138
4367,204,59,0.9297
4368,204,59,0.8250
4369,204,59,0.9643
4370,204,59,0.9610
4371,204,59,0.7290
4372,204,59,0.9810
3991,195,19,0.4231
3992,195,19,0.2976
3993,195,19,0.6066
3994,195,19,0.9693
3995,195,19,0.9857
3996,195,19,0.9933
3997,195,19,0.9935
3998,195,19,0.9952
3999,195,19,0.9950
4000,195,19,0.9950
4124,196,19,0.5209
4125,196,19,0.6754
4126,196,19,0.3443
4127,196,19,0.3634
4128,196,19,0.6983
4129,196,19,0.9204
4130,196,19,0.9782
4131,196,19,0.9871
4132,196,19,0.9916
4133,196,19,0.9914
4274,199,19,0.8957
4275,199,19,0.9587
4276,199,19,0.3278
4277,199,19,0.6137
4278,199,19,0.8722
4279,199,19,0.7765
4373,204,59,0.7354
4374,204,59,0.6612
4375,204,59,0.8876
4376,204,59,0.8230
4377,204,59,0.9561
4378,204,59,0.7955
4379,204,59,0.6783
4380,204,59,0.9185
4381,204,59,0.3018
4382,204,59,0.8845
4001,195,19,0.9457
4002,195,19,0.8251
4003,195,19,0.7767
4004,195,19,0.9823
4005,195,19,0.9783
4006,195,19,0.8002
4007,195,19,0.6134
4008,195,19,0.6090
4009,195,19,0.9398
4010,195,19,0.9716
4134,196,19,0.7092
4135,196,19,0.9614
4136,196,19,0.7800
4137,196,19,0.0768
4138,196,19,0.9247
4139,196,19,0.9696
4140,196,19,0.7723
4141,196,19,0.0355
4142,196,19,0.3069
4143,196,19,0.5743
4280,199,19,0.8124
4281,199,19,0.8677
4282,199,19,0.9546
4283,199,19,0.5857
4284,199,19,0.7565
4285,199,19,0.2448
4286,199,19,0.5725
4287,199,19,0.1109
4383,204,59,0.9116
4384,204,59,0.7512
4385,204,59,0.0612
4386,204,59,0.6829
4387,204,59,0.9365
4388,204,59,0.7789
4389,204,59,0.9771
4390,204,59,0.7206
4391,204,59,0.4770
4392,204,59,0.9403
4011,195,19,0.5246
4012,195,19,0.8961
4013,195,19,0.9172
4014,195,19,0.9779
4015,195,19,0.1487
4016,195,19,0.8609
4017,195,19,0.5590
4018,195,19,0.9017
4019,195,19,0.9790
4020,195,19,0.9869
4144,196,19,0.8265
4145,196,19,0.3352
4146,196,19,0.2464
4147,196,19,0.2877
4148,196,19,0.7200
4149,196,19,0.1986
4150,196,19,0.4980
4151,196,19,0.5038
4152,196,19,0.5240
4153,196,19,0.3778
4288,199,19,0.5726
4289,199,19,0.7293
4290,199,19,0.2076
4393,204,59,0.6473
4394,204,59,0.9257
4395,204,59,0.2726
4396,204,59,0.7176
4397,204,59,0.9086
4398,204,59,0.9541
4399,204,59,0.9955
4400,204,59,0.0413
4401,204,59,0.8167
4402,204,59,0.9790
4154,196,19,0.3375
4155,196,19,0.3757
4156,196,19,0.5171
4157,196,19,0.9658
4158,196,19,0.7673
4159,196,19,0.5714
4160,196,19,0.3445
4161,196,19,0.7973
4162,196,19,0.7030
4163,196,19,0.8797
4291,199,19,0.6350
4292,199,19,0.3955
4293,199,19,0.8707
4294,199,19,0.5770
4295,199,19,0.7029
4296,199,19,0.7364
4297,199,19,0.4106
4298,199,19,0.2342
4403,204,19,0.8586
4404,204,19,0.7658
4405,204,19,0.9805
4406,204,19,0.8707
4407,204,19,0.9814
4408,204,19,0.9775
4409,204,19,0.9522
4410,204,19,0.9803
4411,204,19,0.9969
4164,196,19,0.4147
4165,196,19,0.8344
4166,196,19,0.9671
4167,196,19,0.9262
4168,196,19,0.4088
4169,196,19,0.9313
4170,196,19,0.6908
4171,196,19,0.7738
4172,196,19,0.9664
4173,196,19,0.9581
4299,199,19,0.6587
4300,199,19,0.4672
4174,196,19,0.9068
4175,196,19,0.7653
4176,196,19,0.7044
4177,196,19,0.6617
4178,196,19,0.9338
4179,196,19,0.9303
4180,196,19,0.8490
4181,196,19,0.8411
4182,196,19,0.8006
4183,196,19,0.8425
4301,199,19,0.6072
4302,199,19,0.8575
4303,199,19,0.9270
4304,199,19,0.9843
4305,199,19,0.8098
4306,199,19,0.2883
4307,199,19,0.9052
4308,199,19,0.9568
4309,199,19,0.2816
4310,199,19,0.9814
4184,196,19,0.6929
4185,196,19,0.7204
4186,196,19,0.0220
4187,196,19,0.4844
4188,196,19,0.5528
4189,196,19,0.7793
4190,196,19,0.9109
4191,196,19,0.9697
4192,196,19,0.9815
4193,196,19,0.9786
4311,199,19,0.9948
4312,199,19,0.9487
4313,199,19,0.9754
4314,199,19,0.6117
4194,196,19,0.8544
4195,196,19,0.9063
4196,196,19,0.9795
4197,196,19,0.9711
4198,196,19,0.9963
4199,196,19,0.0739
4200,196,19,0.3074
4201,196,19,0.0915
4202,196,19,0.4642
4203,196,19,0.8441
4315,199,19,0.5562
4316,199,19,0.7382
4204,196,19,0.8830
4205,196,19,0.9494
4206,196,19,0.9699
4207,196,19,0.6992
4208,196,19,0.0190
4209,196,19,0.7572
4210,196,19,0.3276
4211,196,19,0.7048
4212,196,19,0.2230
4213,196,19,0.7696
4317,199,19,0.6467
4318,199,19,0.6745
4319,199,19,0.5776
4320,199,19,0.0352
4214,196,19,0.9132
4215,196,19,0.4625
4216,196,19,0.0955
4217,196,19,0.3626
4218,196,19,0.8703
4219,196,19,0.9880
4220,196,19,0.9932
4221,196,19,0.9929
4222,196,19,0.9930
4223,196,19,0.9893
4321,199,19,0.4592
4322,199,19,0.6680
4224,196,19,0.9220
4225,196,19,0.4637
4226,196,19,0.9712
4227,196,19,0.9645
4228,196,19,0.8309
4229,196,19,0.9822
4230,196,19,0.6647
4231,196,19,0.9206
4232,196,19,0.8845
4233,196,19,0.3091
4323,199,19,0.6943
4324,199,19,0.8270
4325,199,19,0.8899
4234,196,19,0.6500
4235,196,19,0.5844
4236,196,19,0.8141
4237,196,19,0.6212
4238,196,19,0.9818
4239,196,19,0.9185
4240,196,19,0.9796
4241,196,19,0.3447
4242,196,19,0.9756
4243,196,19,0.9796
4326,199,19,0.6427
4327,199,19,0.9672
4328,199,19,0.5316
4329,199,19,0.4402
4330,199,19,0.9531
4331,199,19,0.8839
4332,199,19,0.8612
4333,199,19,0.8507
4334,199,19,0.6644
4335,199,19,0.7992
4336,199,19,0.5417
4337,199,19,0.9159
4338,199,19,0.9826
4339,199,19,0.5896
4340,199,19,0.8020
4341,199,19,0.9074
4342,199,19,0.5780
